  654.00     0.000
  652.00     0.000
  650.00     0.000
  648.00     0.000
  646.00     0.000
  644.00     0.000
  642.00     0.000
  640.00     0.000
  638.00     0.000
  636.00     0.000
  634.00     0.000
  632.00     0.000
  630.00     0.000
  628.00     0.000
  626.00     0.000
  624.00     0.000
  622.00     0.000
  620.00     0.000
  618.00     0.000
  616.00     0.000
  614.00     0.000
  612.00     0.000
  610.00     0.000
  608.00     0.000
  606.00     0.000
  604.00     0.000
  602.00     0.000
  600.00     0.000
  598.00     0.000
  596.00     0.000
  594.00     0.000
  592.00     0.000
  590.00     0.000
  588.00     0.000
  586.00     0.000
  584.00     0.000
  582.00     0.000
  580.00     0.000
  578.00     0.000
  576.00     0.000
  574.00     0.000
  572.00     0.000
  570.00     0.000
  568.00     0.000
  566.00     0.000
  564.00     0.000
  562.00     0.000
  560.00     0.000
  558.00     0.000
  556.00     0.000
  554.00     0.000
  552.00     0.000
  550.00     0.000
  548.00     0.000
  546.00     0.000
  544.00     0.000
  542.00     0.000
  540.00     0.000
  538.00     0.000
  536.00     0.000
  534.00     0.000
  532.00     0.000
  530.00     0.000
  528.00     0.000
  526.00     0.000
  524.00     0.000
  522.00     0.000
  520.00     0.000
  518.00     0.000
  516.00     0.000
  514.00     0.000
  512.00     0.000
  510.00     0.000
  508.00     0.000
  506.00     0.000
  504.00     0.000
  502.00     0.000
  500.00     0.002
  498.00     0.005
  496.00     0.014
  494.00     0.044
  492.00     0.146
  490.00     0.737
  488.00     3.160
  486.00     8.893
  484.00    18.962
  482.00    32.944
  480.00    48.135
  478.00    61.700
  476.00    71.710
  474.00    77.983
  472.00    81.749
  470.00    84.050
  468.00    85.373
  466.00    85.852
  464.00    85.783
  462.00    85.574
  460.00    85.562
  458.00    85.727
  456.00    85.773
  454.00    85.655
  452.00    85.449
  450.00    85.281
  448.00    85.260
  446.00    85.277
  444.00    85.257
  442.00    85.208
  440.00    85.165
  438.00    85.127
  436.00    85.051
  434.00    84.825
  432.00    84.377
  430.00    83.853
  428.00    83.305
  426.00    82.758
  424.00    82.280
  422.00    81.778
  420.00    81.308
  418.00    80.861
  416.00    80.374
  414.00    79.784
  412.00    79.012
  410.00    78.224
  408.00    77.415
  406.00    76.697
  404.00    76.057
  402.00    75.336
  400.00    74.594
  398.00    73.700
  396.00    72.682
  394.00    71.458
  392.00    69.992
  390.00    68.283
  388.00    65.744
  386.00    61.636
  384.00    54.871
  382.00    45.004
  380.00    33.162
  378.00    21.202
  376.00    11.409
  374.00     5.003
  372.00     1.662
  370.00     0.417
  368.00     0.104
  366.00     0.031
  364.00     0.009
  362.00     0.003
  360.00     0.000
  358.00    -0.002
  356.00    -0.002
  354.00     0.000
  352.00     0.000
  350.00     0.000
  348.00     0.000
  346.00     0.000
  344.00     0.000
  342.00     0.000
  340.00     0.000
  338.00    -0.002
  336.00    -0.002
  334.00    -0.002
  332.00    -0.003
  330.00    -0.002
  328.00    -0.002
  326.00    -0.002
  324.00     0.000
  322.00     0.000
  320.00     0.000
  318.00    -0.002
  316.00    -0.003
  314.00    -0.003
  312.00    -0.003
  310.00    -0.002
  308.00     0.000
  306.00     0.000
  304.00     0.000
  302.00     0.000
  300.00     0.000
