  3200.0   0.856435 
  3202.0    0.84015 
  3204.0   0.812293 
  3206.0   0.780869 
  3208.0   0.753179 
  3210.0   0.735854 
  3212.0   0.733295 
  3214.0   0.742135 
  3216.0   0.757243 
  3218.0   0.773347 
  3220.0   0.784853 
  3222.0   0.787201 
  3224.0      0.781 
  3226.0   0.768318 
  3228.0   0.751283 
  3230.0   0.731982 
  3232.0    0.71241 
  3234.0   0.694503 
  3236.0   0.680099 
  3238.0   0.670968 
  3240.0   0.668894 
  3242.0   0.674829 
  3244.0   0.686086 
  3246.0   0.698988 
  3248.0   0.709687 
  3250.0   0.714161 
  3252.0   0.709529 
  3254.0   0.697672 
  3256.0   0.681694 
  3258.0   0.664618 
  3260.0    0.64931 
  3262.0   0.638012 
  3264.0   0.630994 
  3266.0    0.62809 
  3268.0   0.629182 
  3270.0   0.634198 
  3272.0   0.642723 
  3274.0   0.652796 
  3276.0    0.66199 
  3278.0   0.667783 
  3280.0   0.667606 
  3282.0   0.659819 
  3284.0   0.646356 
  3286.0   0.630019 
  3288.0   0.613503 
  3290.0   0.599363 
  3292.0    0.58954 
  3294.0   0.583969 
  3296.0   0.582143 
  3298.0   0.583596 
  3300.0   0.587891 
  3302.0   0.594425 
  3304.0   0.601847 
  3306.0   0.608579 
  3308.0   0.612996 
  3310.0   0.613446 
  3312.0   0.608869 
  3314.0    0.60052 
  3316.0   0.590229 
  3318.0   0.579785 
  3320.0    0.57092 
  3322.0   0.564948 
  3324.0   0.561676 
  3326.0   0.560562 
  3328.0   0.561078 
  3330.0   0.562702 
  3332.0   0.564904 
  3334.0   0.567121 
  3336.0   0.568774 
  3338.0   0.569281 
  3340.0   0.568056 
  3342.0   0.564737 
  3344.0   0.559834 
  3346.0   0.554074 
  3348.0   0.548176 
  3350.0   0.542844 
  3352.0   0.538652 
  3354.0   0.535663 
  3356.0   0.533823 
  3358.0   0.533081 
  3360.0   0.533387 
  3362.0   0.534618 
  3364.0   0.536343 
  3366.0   0.538044 
  3368.0   0.539202 
  3370.0   0.539291 
  3372.0   0.537938 
  3374.0   0.535376 
  3376.0   0.531991 
  3378.0    0.52817 
  3380.0   0.524297 
  3382.0   0.520714 
  3384.0   0.517603 
  3386.0    0.51511 
  3388.0   0.513378 
  3390.0   0.512554 
  3392.0    0.51268 
  3394.0   0.513387 
  3396.0   0.514199 
  3398.0   0.514636 
  3400.0   0.514217 
  3402.0   0.512607 
  3404.0   0.510065 
  3406.0   0.507001 
  3408.0   0.503821 
  3410.0    0.50093 
  3412.0   0.498632 
  3414.0   0.496851 
  3416.0   0.495414 
  3418.0   0.494149 
  3420.0   0.492886 
  3422.0    0.49151 
  3424.0   0.490139 
  3426.0   0.488945 
  3428.0   0.488105 
  3430.0   0.487791 
  3432.0   0.488091 
  3434.0   0.488727 
  3436.0   0.489333 
  3438.0    0.48954 
  3440.0   0.488974 
  3442.0   0.487386 
  3444.0   0.485009 
  3446.0   0.482196 
  3448.0     0.4793 
  3450.0    0.47667 
  3452.0   0.474576 
  3454.0   0.472973 
  3456.0   0.471737 
  3458.0   0.470746 
  3460.0   0.469877 
  3462.0   0.469025 
  3464.0   0.468154 
  3466.0   0.467246 
  3468.0   0.466283 
  3470.0   0.465246 
  3472.0   0.464125 
  3474.0   0.462934 
  3476.0   0.461694 
  3478.0   0.460428 
  3480.0   0.459157 
  3482.0     0.4579 
  3484.0   0.456666 
  3486.0   0.455463 
  3488.0   0.454298 
  3490.0   0.453179 
  3492.0   0.452107 
  3494.0   0.451067 
  3496.0   0.450041 
  3498.0   0.449008 
  3500.0   0.447949 
  3502.0    0.44685 
  3504.0   0.445724 
  3506.0   0.444591 
  3508.0   0.443468 
  3510.0   0.442376 
  3512.0   0.441328 
  3514.0   0.440316 
  3516.0   0.439331 
  3518.0    0.43836 
  3520.0   0.437391 
  3522.0   0.436415 
  3524.0   0.435432 
  3526.0   0.434447 
  3528.0   0.433461 
  3530.0   0.432479 
  3532.0   0.431502 
  3534.0    0.43053 
  3536.0   0.429563 
  3538.0     0.4286 
  3540.0   0.427639 
  3542.0   0.426681 
  3544.0   0.425724 
  3546.0    0.42477 
  3548.0   0.423819 
  3550.0    0.42287 
  3552.0   0.421925 
  3554.0   0.420982 
  3556.0   0.420042 
  3558.0   0.419105 
  3560.0   0.418171 
  3562.0    0.41724 
  3564.0   0.416311 
  3566.0   0.415385 
  3568.0   0.414461 
  3570.0    0.41354 
  3572.0   0.412622 
  3574.0   0.411707 
  3576.0   0.410794 
  3578.0   0.409884 
  3580.0   0.408977 
  3582.0   0.408072 
  3584.0    0.40717 
  3586.0    0.40627 
  3588.0   0.405373 
  3590.0   0.404479 
  3592.0   0.403587 
  3594.0   0.402698 
  3596.0   0.401812 
  3598.0   0.400928 
  3600.0   0.400046 
  3602.0   0.399167 
  3604.0   0.398291 
  3606.0   0.397417 
  3608.0   0.396546 
  3610.0   0.395677 
  3612.0   0.394811 
  3614.0   0.393947 
  3616.0   0.393085 
  3618.0   0.392227 
  3620.0    0.39137 
  3622.0   0.390516 
  3624.0   0.389665 
  3626.0   0.388816 
  3628.0   0.387969 
  3630.0   0.387125 
  3632.0   0.386283 
  3634.0   0.385444 
  3636.0   0.384607 
  3638.0   0.383772 
  3640.0    0.38294 
  3642.0    0.38211 
  3644.0   0.381283 
  3646.0   0.380458 
  3648.0   0.379635 
  3650.0   0.378814 
  3652.0   0.377996 
  3654.0   0.377181 
  3656.0   0.376367 
  3658.0   0.375556 
  3660.0   0.374747 
  3662.0   0.373941 
  3664.0   0.373136 
  3666.0   0.372335 
  3668.0   0.371535 
  3670.0   0.370737 
  3672.0   0.369942 
  3674.0   0.369149 
  3676.0   0.368359 
  3678.0    0.36757 
  3680.0   0.366784 
  3682.0      0.366 
  3684.0   0.365218 
  3686.0   0.364438 
  3688.0   0.363661 
  3690.0   0.362886 
  3692.0   0.362113 
  3694.0   0.361342 
  3696.0   0.360573 
  3698.0   0.359806 
  3700.0   0.359042 
  3702.0    0.35828 
  3704.0   0.357519 
  3706.0   0.356761 
  3708.0   0.356005 
  3710.0   0.355252 
  3712.0     0.3545 
  3714.0    0.35375 
  3716.0   0.353003 
  3718.0   0.352257 
  3720.0   0.351514 
  3722.0   0.350773 
  3724.0   0.350033 
  3726.0   0.349296 
  3728.0   0.348561 
  3730.0   0.347828 
  3732.0   0.347097 
  3734.0   0.346368 
  3736.0   0.345641 
  3738.0   0.344916 
  3740.0   0.344193 
  3742.0   0.343472 
  3744.0   0.342753 
  3746.0   0.342036 
  3748.0   0.341321 
  3750.0   0.340608 
  3752.0   0.339897 
  3754.0   0.339187 
  3756.0    0.33848 
  3758.0   0.337775 
  3760.0   0.337072 
  3762.0    0.33637 
  3764.0   0.335671 
  3766.0   0.334973 
  3768.0   0.334278 
  3770.0   0.333584 
  3772.0   0.332892 
  3774.0   0.332202 
  3776.0   0.331514 
  3778.0   0.330828 
  3780.0   0.330144 
  3782.0   0.329461 
  3784.0   0.328781 
  3786.0   0.328102 
  3788.0   0.327425 
  3790.0    0.32675 
  3792.0   0.326077 
  3794.0   0.325406 
  3796.0   0.324736 
  3798.0   0.324069 
  3800.0   0.323403 
  3802.0   0.322739 
  3804.0   0.322077 
  3806.0   0.321416 
  3808.0   0.320757 
  3810.0   0.320101 
  3812.0   0.319445 
  3814.0   0.318792 
  3816.0   0.318141 
  3818.0   0.317491 
  3820.0   0.316843 
  3822.0   0.316196 
  3824.0   0.315552 
  3826.0   0.314909 
  3828.0   0.314268 
  3830.0   0.313629 
  3832.0   0.312991 
  3834.0   0.312355 
  3836.0   0.311721 
  3838.0   0.311088 
  3840.0   0.310457 
  3842.0   0.309828 
  3844.0   0.309201 
  3846.0   0.308575 
  3848.0   0.307951 
  3850.0   0.307329 
  3852.0   0.306708 
  3854.0   0.306089 
  3856.0   0.305471 
  3858.0   0.304855 
  3860.0   0.304241 
  3862.0   0.303629 
  3864.0   0.303018 
  3866.0   0.302409 
  3868.0   0.301801 
  3870.0   0.301195 
  3872.0   0.300591 
  3874.0   0.299988 
  3876.0   0.299387 
  3878.0   0.298787 
  3880.0   0.298189 
  3882.0   0.297593 
  3884.0   0.296998 
  3886.0   0.296405 
  3888.0   0.295813 
  3890.0   0.295223 
  3892.0   0.294634 
  3894.0   0.294047 
  3896.0   0.293462 
  3898.0   0.292878 
  3900.0   0.292295 
  3902.0   0.291715 
  3904.0   0.291135 
  3906.0   0.290557 
  3908.0   0.289981 
  3910.0   0.289406 
  3912.0   0.288833 
  3914.0   0.288261 
  3916.0   0.287691 
  3918.0   0.287122 
  3920.0   0.286555 
  3922.0   0.285989 
  3924.0   0.285425 
  3926.0   0.284862 
  3928.0   0.284301 
  3930.0   0.283741 
  3932.0   0.283183 
  3934.0   0.282626 
  3936.0    0.28207 
  3938.0   0.281516 
  3940.0   0.280964 
  3942.0   0.280412 
  3944.0   0.279863 
  3946.0   0.279314 
  3948.0   0.278768 
  3950.0   0.278222 
  3952.0   0.277678 
  3954.0   0.277135 
  3956.0   0.276594 
  3958.0   0.276054 
  3960.0   0.275516 
  3962.0   0.274979 
  3964.0   0.274443 
  3966.0   0.273909 
  3968.0   0.273376 
  3970.0   0.272845 
  3972.0   0.272315 
  3974.0   0.271786 
  3976.0   0.271258 
  3978.0   0.270732 
  3980.0   0.270208 
  3982.0   0.269684 
  3984.0   0.269162 
  3986.0   0.268642 
  3988.0   0.268123 
  3990.0   0.267605 
  3992.0   0.267088 
  3994.0   0.266573 
  3996.0   0.266059 
  3998.0   0.265546 
  4000.0   0.265035 
  4002.0   0.264525 
  4004.0   0.264016 
  4006.0   0.263508 
  4008.0   0.263002 
  4010.0   0.262497 
  4012.0   0.261994 
  4014.0   0.261492 
  4016.0   0.260991 
  4018.0   0.260491 
  4020.0   0.259993 
  4022.0   0.259495 
  4024.0   0.258999 
  4026.0   0.258505 
  4028.0   0.258011 
  4030.0   0.257519 
  4032.0   0.257029 
  4034.0    0.25654 
  4036.0   0.256051 
  4038.0   0.255564 
  4040.0   0.255077 
  4042.0   0.254591 
  4044.0   0.254106 
  4046.0   0.253623 
  4048.0   0.253143 
  4050.0   0.252666 
  4052.0   0.252193 
  4054.0   0.251724 
  4056.0   0.251258 
  4058.0   0.250793 
  4060.0   0.250329 
  4062.0   0.249866 
  4064.0   0.249404 
  4066.0   0.248942 
  4068.0   0.248481 
  4070.0   0.248021 
  4072.0   0.247563 
  4074.0   0.247107 
  4076.0   0.246651 
  4078.0   0.246197 
  4080.0   0.245744 
  4082.0   0.245291 
  4084.0    0.24484 
  4086.0    0.24439 
  4088.0   0.243941 
  4090.0   0.243494 
  4092.0   0.243049 
  4094.0   0.242605 
  4096.0   0.242161 
  4098.0   0.241718 
  4100.0   0.241273 
  4102.0   0.240827 
  4104.0    0.24038 
  4106.0   0.239933 
  4108.0   0.239486 
  4110.0   0.239041 
  4112.0   0.238597 
  4114.0   0.238154 
  4116.0   0.237713 
  4118.0   0.237274 
  4120.0   0.236835 
  4122.0   0.236397 
  4124.0   0.235961 
  4126.0   0.235525 
  4128.0    0.23509 
  4130.0   0.234657 
  4132.0   0.234224 
  4134.0   0.233793 
  4136.0   0.233363 
  4138.0   0.232933 
  4140.0   0.232505 
  4142.0   0.232078 
  4144.0   0.231652 
  4146.0   0.231227 
  4148.0   0.230803 
  4150.0   0.230381 
  4152.0    0.22996 
  4154.0   0.229541 
  4156.0   0.229123 
  4158.0   0.228707 
  4160.0   0.228291 
  4162.0   0.227876 
  4164.0   0.227463 
  4166.0    0.22705 
  4168.0   0.226638 
  4170.0   0.226227 
  4172.0   0.225817 
  4174.0   0.225408 
  4176.0      0.225 
  4178.0   0.224594 
  4180.0   0.224188 
  4182.0   0.223783 
  4184.0    0.22338 
  4186.0   0.222977 
  4188.0   0.222575 
  4190.0   0.222174 
  4192.0   0.221773 
  4194.0   0.221373 
  4196.0   0.220975 
  4198.0   0.220579 
  4200.0   0.220184 
  4202.0   0.219793 
  4204.0   0.219403 
  4206.0   0.219016 
  4208.0   0.218629 
  4210.0   0.218244 
  4212.0    0.21786 
  4214.0   0.217476 
  4216.0   0.217092 
  4218.0    0.21671 
  4220.0   0.216329 
  4222.0   0.215948 
  4224.0   0.215569 
  4226.0    0.21519 
  4228.0   0.214813 
  4230.0   0.214436 
  4232.0    0.21406 
  4234.0   0.213684 
  4236.0    0.21331 
  4238.0   0.212937 
  4240.0   0.212566 
  4242.0   0.212196 
  4244.0   0.211827 
  4246.0   0.211458 
  4248.0    0.21109 
  4250.0    0.21072 
  4252.0   0.210349 
  4254.0   0.209977 
  4256.0   0.209604 
  4258.0   0.209232 
  4260.0   0.208861 
  4262.0   0.208492 
  4264.0   0.208123 
  4266.0   0.207756 
  4268.0    0.20739 
  4270.0   0.207025 
  4272.0    0.20666 
  4274.0   0.206297 
  4276.0   0.205934 
  4278.0   0.205571 
  4280.0    0.20521 
  4282.0    0.20485 
  4284.0   0.204491 
  4286.0   0.204132 
  4288.0   0.203774 
  4290.0   0.203417 
  4292.0    0.20306 
  4294.0   0.202704 
  4296.0   0.202349 
  4298.0   0.201996 
  4300.0   0.201645 
  4302.0   0.201296 
  4304.0    0.20095 
  4306.0   0.200605 
  4308.0   0.200261 
  4310.0   0.199918 
  4312.0   0.199575 
  4314.0   0.199233 
  4316.0   0.198891 
  4318.0    0.19855 
  4320.0   0.198209 
  4322.0    0.19787 
  4324.0   0.197532 
  4326.0   0.197195 
  4328.0   0.196859 
  4330.0   0.196523 
  4332.0   0.196188 
  4334.0   0.195854 
  4336.0   0.195521 
  4338.0   0.195188 
  4340.0   0.194855 
  4342.0   0.194523 
  4344.0   0.194191 
  4346.0   0.193861 
  4348.0   0.193533 
  4350.0   0.193207 
  4352.0   0.192884 
  4354.0   0.192564 
  4356.0   0.192245 
  4358.0   0.191927 
  4360.0    0.19161 
  4362.0   0.191293 
  4364.0   0.190976 
  4366.0    0.19066 
  4368.0   0.190345 
  4370.0   0.190031 
  4372.0   0.189718 
  4374.0   0.189406 
  4376.0   0.189095 
  4378.0   0.188784 
  4380.0   0.188474 
  4382.0   0.188163 
  4384.0   0.187853 
  4386.0   0.187543 
  4388.0   0.187234 
  4390.0   0.186927 
  4392.0   0.186622 
  4394.0   0.186318 
  4396.0   0.186014 
  4398.0   0.185711 
  4400.0   0.185407 
  4402.0   0.185102 
  4404.0   0.184796 
  4406.0    0.18449 
  4408.0   0.184185 
  4410.0   0.183881 
  4412.0   0.183578 
  4414.0   0.183276 
  4416.0   0.182975 
  4418.0   0.182674 
  4420.0   0.182374 
  4422.0   0.182073 
  4424.0   0.181773 
  4426.0   0.181473 
  4428.0   0.181174 
  4430.0   0.180876 
  4432.0    0.18058 
  4434.0   0.180284 
  4436.0    0.17999 
  4438.0   0.179697 
  4440.0   0.179404 
  4442.0   0.179112 
  4444.0   0.178821 
  4446.0   0.178529 
  4448.0   0.178239 
  4450.0   0.177948 
  4452.0   0.177658 
  4454.0   0.177368 
  4456.0   0.177078 
  4458.0    0.17679 
  4460.0   0.176503 
  4462.0   0.176216 
  4464.0   0.175931 
  4466.0   0.175647 
  4468.0   0.175364 
  4470.0    0.17508 
  4472.0   0.174796 
  4474.0   0.174513 
  4476.0    0.17423 
  4478.0   0.173948 
  4480.0   0.173667 
  4482.0   0.173388 
  4484.0    0.17311 
  4486.0   0.172832 
  4488.0   0.172555 
  4490.0   0.172277 
  4492.0      0.172 
  4494.0   0.171722 
  4496.0   0.171445 
  4498.0    0.17117 
  4500.0   0.170897 
  4502.0   0.170627 
  4504.0   0.170359 
  4506.0   0.170092 
  4508.0   0.169827 
  4510.0   0.169562 
  4512.0   0.169297 
  4514.0   0.169032 
  4516.0   0.168768 
  4518.0   0.168505 
  4520.0   0.168242 
  4522.0   0.167981 
  4524.0   0.167721 
  4526.0   0.167461 
  4528.0   0.167203 
  4530.0   0.166945 
  4532.0   0.166688 
  4534.0   0.166432 
  4536.0   0.166174 
  4538.0   0.165916 
  4540.0   0.165656 
  4542.0   0.165394 
  4544.0   0.165133 
  4546.0   0.164875 
  4548.0   0.164624 
  4550.0   0.164381 
  4552.0   0.164148 
  4554.0   0.163925 
  4556.0   0.163708 
  4558.0   0.163493 
  4560.0   0.163279 
  4562.0   0.163064 
  4564.0   0.162846 
  4566.0   0.162628 
  4568.0   0.162409 
  4570.0   0.162192 
  4572.0   0.161975 
  4574.0   0.161761 
  4576.0   0.161546 
  4578.0   0.161332 
  4580.0   0.161118 
  4582.0   0.160904 
  4584.0   0.160689 
  4586.0   0.160477 
  4588.0   0.160266 
  4590.0   0.160059 
  4592.0   0.159855 
  4594.0   0.159653 
  4596.0   0.159447 
  4598.0   0.159235 
  4600.0   0.159014 
  4602.0   0.158779 
  4604.0   0.158535 
  4606.0   0.158285 
  4608.0   0.158032 
  4610.0   0.157779 
  4612.0    0.15753 
  4614.0   0.157284 
  4616.0    0.15704 
  4618.0   0.156799 
  4620.0   0.156558 
  4622.0   0.156318 
  4624.0   0.156077 
  4626.0   0.155838 
  4628.0   0.155598 
  4630.0   0.155359 
  4632.0    0.15512 
  4634.0   0.154881 
  4636.0   0.154642 
  4638.0   0.154403 
  4640.0   0.154164 
  4642.0   0.153925 
  4644.0   0.153687 
  4646.0   0.153449 
  4648.0   0.153215 
  4650.0   0.152983 
  4652.0   0.152754 
  4654.0   0.152529 
  4656.0   0.152305 
  4658.0   0.152082 
  4660.0   0.151859 
  4662.0   0.151636 
  4664.0   0.151412 
  4666.0   0.151188 
  4668.0   0.150964 
  4670.0   0.150741 
  4672.0    0.15052 
  4674.0     0.1503 
  4676.0    0.15008 
  4678.0   0.149861 
  4680.0   0.149642 
  4682.0   0.149424 
  4684.0   0.149205 
  4686.0   0.148987 
  4688.0   0.148768 
  4690.0   0.148549 
  4692.0   0.148331 
  4694.0   0.148113 
  4696.0   0.147897 
  4698.0   0.147684 
  4700.0   0.147476 
  4702.0   0.147272 
  4704.0   0.147072 
  4706.0   0.146874 
  4708.0   0.146677 
  4710.0   0.146481 
  4712.0   0.146283 
  4714.0   0.146085 
  4716.0   0.145887 
  4718.0   0.145689 
  4720.0   0.145492 
  4722.0   0.145296 
  4724.0   0.145101 
  4726.0   0.144907 
  4728.0   0.144714 
  4730.0   0.144521 
  4732.0   0.144329 
  4734.0   0.144137 
  4736.0   0.143944 
  4738.0    0.14375 
  4740.0   0.143554 
  4742.0   0.143357 
  4744.0    0.14316 
  4746.0   0.142967 
  4748.0   0.142782 
  4750.0   0.142607 
  4752.0   0.142446 
  4754.0   0.142295 
  4756.0   0.142151 
  4758.0   0.142012 
  4760.0   0.141873 
  4762.0   0.141733 
  4764.0    0.14159 
  4766.0   0.141447 
  4768.0   0.141302 
  4770.0   0.141158 
  4772.0   0.141015 
  4774.0   0.140872 
  4776.0    0.14073 
  4778.0   0.140588 
  4780.0   0.140447 
  4782.0   0.140306 
  4784.0   0.140166 
  4786.0   0.140027 
  4788.0   0.139889 
  4790.0   0.139754 
  4792.0    0.13962 
  4794.0   0.139487 
  4796.0   0.139351 
  4798.0   0.139211 
  4800.0   0.139064 
  4802.0   0.138909 
  4804.0   0.138747 
  4806.0   0.138582 
  4808.0   0.138415 
  4810.0   0.138249 
  4812.0   0.138086 
  4814.0   0.137926 
  4816.0   0.137767 
  4818.0    0.13761 
  4820.0   0.137452 
  4822.0   0.137294 
  4824.0   0.137135 
  4826.0   0.136976 
  4828.0   0.136817 
  4830.0   0.136658 
  4832.0     0.1365 
  4834.0   0.136342 
  4836.0   0.136186 
  4838.0   0.136032 
  4840.0   0.135882 
  4842.0   0.135735 
  4844.0   0.135587 
  4846.0   0.135437 
  4848.0   0.135278 
  4850.0   0.135109 
  4852.0   0.134927 
  4854.0   0.134734 
  4856.0   0.134533 
  4858.0    0.13433 
  4860.0   0.134127 
  4862.0   0.133928 
  4864.0   0.133732 
  4866.0   0.133539 
  4868.0   0.133347 
  4870.0   0.133155 
  4872.0   0.132963 
  4874.0    0.13277 
  4876.0   0.132577 
  4878.0   0.132385 
  4880.0   0.132194 
  4882.0   0.132004 
  4884.0   0.131814 
  4886.0   0.131624 
  4888.0   0.131434 
  4890.0   0.131241 
  4892.0   0.131047 
  4894.0   0.130853 
  4896.0   0.130662 
  4898.0   0.130476 
  4900.0   0.130297 
  4902.0   0.130129 
  4904.0   0.129968 
  4906.0   0.129813 
  4908.0    0.12966 
  4910.0   0.129507 
  4912.0   0.129353 
  4914.0   0.129196 
  4916.0   0.129039 
  4918.0   0.128882 
  4920.0   0.128725 
  4922.0   0.128569 
  4924.0   0.128415 
  4926.0   0.128262 
  4928.0    0.12811 
  4930.0   0.127959 
  4932.0    0.12781 
  4934.0    0.12766 
  4936.0   0.127509 
  4938.0   0.127354 
  4940.0   0.127195 
  4942.0   0.127031 
  4944.0   0.126868 
  4946.0   0.126711 
  4948.0   0.126567 
  4950.0   0.126441 
  4952.0   0.126338 
  4954.0   0.126253 
  4956.0    0.12618 
  4958.0   0.126111 
  4960.0   0.126039 
  4962.0    0.12596 
  4964.0   0.125875 
  4966.0   0.125789 
  4968.0   0.125704 
  4970.0   0.125625 
  4972.0   0.125554 
  4974.0   0.125489 
  4976.0   0.125427 
  4978.0   0.125366 
  4980.0   0.125301 
  4982.0   0.125231 
  4984.0   0.125156 
  4986.0   0.125077 
  4988.0   0.124995 
  4990.0   0.124911 
  4992.0   0.124827 
  4994.0   0.124745 
  4996.0   0.124666 
  4998.0   0.124594 
  5000.0   0.124529 
  5002.0   0.124474 
  5004.0   0.124427 
  5006.0   0.124385 
  5008.0   0.124345 
  5010.0   0.124305 
  5012.0   0.124264 
  5014.0    0.12422 
  5016.0   0.124176 
  5018.0   0.124132 
  5020.0    0.12409 
  5022.0   0.124048 
  5024.0   0.124008 
  5026.0   0.123968 
  5028.0   0.123926 
  5030.0   0.123882 
  5032.0   0.123836 
  5034.0    0.12379 
  5036.0   0.123747 
  5038.0    0.12371 
  5040.0   0.123683 
  5042.0   0.123666 
  5044.0    0.12365 
  5046.0   0.123624 
  5048.0   0.123575 
  5050.0   0.123491 
  5052.0   0.123366 
  5054.0   0.123206 
  5056.0   0.123022 
  5058.0   0.122827 
  5060.0   0.122632 
  5062.0   0.122445 
  5064.0   0.122268 
  5066.0   0.122099 
  5068.0   0.121936 
  5070.0   0.121779 
  5072.0   0.121625 
  5074.0   0.121473 
  5076.0   0.121321 
  5078.0   0.121167 
  5080.0   0.121009 
  5082.0   0.120848 
  5084.0   0.120682 
  5086.0   0.120513 
  5088.0   0.120343 
  5090.0   0.120173 
  5092.0   0.120003 
  5094.0   0.119835 
  5096.0   0.119668 
  5098.0   0.119504 
  5100.0   0.119342 
  5102.0   0.119184 
  5104.0    0.11903 
  5106.0    0.11888 
  5108.0   0.118734 
  5110.0   0.118595 
  5112.0   0.118461 
  5114.0   0.118331 
  5116.0   0.118201 
  5118.0   0.118068 
  5120.0   0.117931 
  5122.0   0.117786 
  5124.0   0.117636 
  5126.0   0.117486 
  5128.0   0.117339 
  5130.0   0.117198 
  5132.0   0.117065 
  5134.0   0.116939 
  5136.0   0.116813 
  5138.0   0.116684 
  5140.0   0.116546 
  5142.0   0.116398 
  5144.0   0.116244 
  5146.0   0.116093 
  5148.0   0.115951 
  5150.0   0.115827 
  5152.0   0.115725 
  5154.0   0.115641 
  5156.0   0.115566 
  5158.0   0.115493 
  5160.0   0.115416 
  5162.0   0.115327 
  5164.0    0.11523 
  5166.0   0.115129 
  5168.0    0.11503 
  5170.0   0.114935 
  5172.0    0.11485 
  5174.0   0.114771 
  5176.0   0.114694 
  5178.0   0.114618 
  5180.0   0.114537 
  5182.0   0.114449 
  5184.0   0.114356 
  5186.0    0.11426 
  5188.0   0.114163 
  5190.0    0.11407 
  5192.0    0.11398 
  5194.0   0.113897 
  5196.0   0.113819 
  5198.0   0.113749 
  5200.0   0.113685 
  5202.0    0.11363 
  5204.0   0.113581 
  5206.0   0.113536 
  5208.0   0.113495 
  5210.0   0.113456 
  5212.0   0.113417 
  5214.0   0.113376 
  5216.0   0.113333 
  5218.0   0.113286 
  5220.0   0.113234 
  5222.0   0.113177 
  5224.0   0.113116 
  5226.0   0.113055 
  5228.0   0.112996 
  5230.0   0.112943 
  5232.0   0.112897 
  5234.0   0.112856 
  5236.0   0.112817 
  5238.0   0.112777 
  5240.0   0.112733 
  5242.0   0.112683 
  5244.0   0.112632 
  5246.0   0.112585 
  5248.0   0.112549 
  5250.0   0.112531 
  5252.0   0.112533 
  5254.0   0.112552 
  5256.0    0.11258 
  5258.0   0.112609 
  5260.0   0.112633 
  5262.0   0.112647 
  5264.0   0.112652 
  5266.0   0.112655 
  5268.0   0.112658 
  5270.0   0.112668 
  5272.0   0.112686 
  5274.0   0.112711 
  5276.0   0.112739 
  5278.0   0.112764 
  5280.0   0.112782 
  5282.0   0.112792 
  5284.0   0.112796 
  5286.0   0.112799 
  5288.0   0.112808 
  5290.0   0.112828 
  5292.0   0.112861 
  5294.0     0.1129 
  5296.0   0.112936 
  5298.0   0.112957 
  5300.0   0.112955 
  5302.0   0.112923 
  5304.0   0.112866 
  5306.0   0.112794 
  5308.0   0.112714 
  5310.0   0.112637 
  5312.0   0.112568 
  5314.0   0.112507 
  5316.0   0.112448 
  5318.0   0.112389 
  5320.0   0.112325 
  5322.0   0.112253 
  5324.0   0.112176 
  5326.0   0.112096 
  5328.0   0.112017 
  5330.0   0.111942 
  5332.0   0.111874 
  5334.0   0.111811 
  5336.0   0.111753 
  5338.0   0.111697 
  5340.0   0.111642 
  5342.0   0.111587 
  5344.0   0.111531 
  5346.0   0.111473 
  5348.0   0.111411 
  5350.0   0.111346 
  5352.0   0.111276 
  5354.0   0.111203 
  5356.0   0.111129 
  5358.0   0.111054 
  5360.0   0.110981 
  5362.0   0.110911 
  5364.0   0.110842 
  5366.0   0.110771 
  5368.0   0.110699 
  5370.0   0.110621 
  5372.0   0.110537 
  5374.0    0.11045 
  5376.0   0.110361 
  5378.0   0.110274 
  5380.0   0.110192 
  5382.0   0.110116 
  5384.0   0.110044 
  5386.0   0.109977 
  5388.0    0.10991 
  5390.0   0.109842 
  5392.0   0.109772 
  5394.0   0.109701 
  5396.0   0.109631 
  5398.0   0.109562 
  5400.0   0.109498 
  5402.0   0.109438 
  5404.0   0.109383 
  5406.0   0.109331 
  5408.0   0.109282 
  5410.0   0.109234 
  5412.0   0.109186 
  5414.0   0.109138 
  5416.0   0.109088 
  5418.0   0.109034 
  5420.0   0.108975 
  5422.0   0.108912 
  5424.0   0.108845 
  5426.0   0.108777 
  5428.0    0.10871 
  5430.0   0.108646 
  5432.0   0.108588 
  5434.0   0.108536 
  5436.0   0.108487 
  5438.0   0.108441 
  5440.0   0.108398 
  5442.0   0.108355 
  5444.0   0.108312 
  5446.0   0.108266 
  5448.0   0.108214 
  5450.0   0.108154 
  5452.0   0.108086 
  5454.0    0.10801 
  5456.0    0.10793 
  5458.0   0.107847 
  5460.0   0.107765 
  5462.0   0.107685 
  5464.0   0.107608 
  5466.0   0.107532 
  5468.0   0.107457 
  5470.0   0.107381 
  5472.0   0.107305 
  5474.0   0.107229 
  5476.0   0.107153 
  5478.0   0.107077 
  5480.0   0.107001 
  5482.0   0.106927 
  5484.0   0.106853 
  5486.0   0.106779 
  5488.0   0.106703 
  5490.0   0.106626 
  5492.0   0.106547 
  5494.0   0.106468 
  5496.0   0.106391 
  5498.0    0.10632 
  5500.0   0.106256 
  5502.0   0.106201 
  5504.0   0.106155 
  5506.0   0.106114 
  5508.0   0.106077 
  5510.0   0.106041 
  5512.0   0.106005 
  5514.0   0.105966 
  5516.0   0.105925 
  5518.0    0.10588 
  5520.0    0.10583 
  5522.0   0.105774 
  5524.0   0.105715 
  5526.0   0.105656 
  5528.0   0.105599 
  5530.0   0.105549 
  5532.0   0.105505 
  5534.0   0.105467 
  5536.0    0.10543 
  5538.0   0.105391 
  5540.0   0.105346 
  5542.0   0.105294 
  5544.0    0.10524 
  5546.0   0.105193 
  5548.0    0.10516 
  5550.0   0.105149 
  5552.0   0.105165 
  5554.0   0.105205 
  5556.0   0.105263 
  5558.0   0.105332 
  5560.0   0.105406 
  5562.0    0.10548 
  5564.0   0.105551 
  5566.0   0.105619 
  5568.0   0.105684 
  5570.0   0.105743 
  5572.0   0.105797 
  5574.0   0.105848 
  5576.0   0.105899 
  5578.0   0.105951 
  5580.0   0.106009 
  5582.0   0.106074 
  5584.0   0.106143 
  5586.0   0.106215 
  5588.0   0.106286 
  5590.0   0.106355 
  5592.0   0.106418 
  5594.0   0.106476 
  5596.0    0.10653 
  5598.0    0.10658 
  5600.0   0.106629 
  5602.0   0.106676 
  5604.0   0.106721 
  5606.0   0.106763 
  5608.0     0.1068 
  5610.0   0.106832 
  5612.0   0.106859 
  5614.0   0.106883 
  5616.0   0.106906 
  5618.0   0.106932 
  5620.0   0.106964 
  5622.0   0.107003 
  5624.0   0.107048 
  5626.0   0.107094 
  5628.0   0.107138 
  5630.0   0.107176 
  5632.0   0.107207 
  5634.0   0.107233 
  5636.0   0.107257 
  5638.0   0.107284 
  5640.0   0.107317 
  5642.0   0.107358 
  5644.0   0.107405 
  5646.0   0.107453 
  5648.0   0.107499 
  5650.0   0.107536 
  5652.0   0.107564 
  5654.0   0.107582 
  5656.0   0.107594 
  5658.0   0.107602 
  5660.0   0.107609 
  5662.0   0.107618 
  5664.0   0.107629 
  5666.0   0.107643 
  5668.0   0.107662 
  5670.0   0.107686 
  5672.0   0.107716 
  5674.0   0.107749 
  5676.0   0.107783 
  5678.0   0.107815 
  5680.0   0.107842 
  5682.0   0.107861 
  5684.0   0.107877 
  5686.0   0.107891 
  5688.0   0.107906 
  5690.0   0.107927 
  5692.0   0.107954 
  5694.0   0.107983 
  5696.0   0.108007 
  5698.0    0.10802 
  5700.0   0.108015 
  5702.0   0.107988 
  5704.0   0.107941 
  5706.0   0.107879 
  5708.0   0.107808 
  5710.0   0.107732 
  5712.0   0.107655 
  5714.0    0.10758 
  5716.0   0.107508 
  5718.0    0.10744 
  5720.0   0.107377 
  5722.0   0.107322 
  5724.0    0.10727 
  5726.0   0.107218 
  5728.0   0.107163 
  5730.0   0.107102 
  5732.0   0.107032 
  5734.0   0.106957 
  5736.0   0.106882 
  5738.0   0.106812 
  5740.0   0.106753 
  5742.0   0.106707 
  5744.0   0.106667 
  5746.0   0.106623 
  5748.0   0.106566 
  5750.0   0.106485 
  5752.0   0.106374 
  5754.0   0.106239 
  5756.0   0.106087 
  5758.0   0.105928 
  5760.0   0.105769 
  5762.0   0.105618 
  5764.0   0.105473 
  5766.0   0.105332 
  5768.0   0.105194 
  5770.0   0.105056 
  5772.0   0.104917 
  5774.0   0.104775 
  5776.0   0.104633 
  5778.0    0.10449 
  5780.0   0.104348 
  5782.0   0.104206 
  5784.0   0.104064 
  5786.0   0.103923 
  5788.0   0.103783 
  5790.0   0.103642 
  5792.0   0.103501 
  5794.0   0.103361 
  5796.0    0.10322 
  5798.0    0.10308 
  5800.0   0.102939 
  5802.0   0.102799 
  5804.0    0.10266 
  5806.0    0.10252 
  5808.0   0.102381 
  5810.0   0.102241 
  5812.0   0.102102 
  5814.0   0.101963 
  5816.0   0.101824 
  5818.0   0.101685 
  5820.0   0.101546 
  5822.0   0.101406 
  5824.0   0.101267 
  5826.0   0.101128 
  5828.0    0.10099 
  5830.0   0.100853 
  5832.0   0.100719 
  5834.0   0.100584 
  5836.0   0.100448 
  5838.0   0.100308 
  5840.0   0.100165 
  5842.0   0.100016 
  5844.0  0.0998664 
  5846.0  0.0997232 
  5848.0  0.0995919 
  5850.0  0.0994788 
  5852.0   0.099388 
  5854.0  0.0993167 
  5856.0  0.0992601 
  5858.0  0.0992133 
  5860.0  0.0991716 
  5862.0  0.0991307 
  5864.0  0.0990888 
  5866.0  0.0990444 
  5868.0  0.0989961 
  5870.0  0.0989425 
  5872.0  0.0988831 
  5874.0  0.0988201 
  5876.0  0.0987568 
  5878.0  0.0986962 
  5880.0  0.0986416 
  5882.0  0.0985949 
  5884.0  0.0985532 
  5886.0  0.0985126 
  5888.0  0.0984691 
  5890.0  0.0984188 
  5892.0  0.0983592 
  5894.0  0.0982943 
  5896.0  0.0982297 
  5898.0  0.0981711 
  5900.0  0.0981239 
  5902.0  0.0980923 
  5904.0  0.0980738 
  5906.0  0.0980645 
  5908.0  0.0980603 
  5910.0  0.0980575 
  5912.0  0.0980525 
  5914.0  0.0980442 
  5916.0  0.0980321 
  5918.0  0.0980156 
  5920.0  0.0979941 
  5922.0  0.0979676 
  5924.0   0.097938 
  5926.0  0.0979081 
  5928.0  0.0978804 
  5930.0  0.0978575 
  5932.0   0.097841 
  5934.0  0.0978295 
  5936.0  0.0978205 
  5938.0  0.0978115 
  5940.0     0.0978 
  5942.0  0.0977847 
  5944.0  0.0977681 
  5946.0  0.0977537 
  5948.0   0.097745 
  5950.0  0.0977457 
  5952.0  0.0977578 
  5954.0  0.0977782 
  5956.0  0.0978023 
  5958.0  0.0978256 
  5960.0  0.0978435 
  5962.0   0.097853 
  5964.0  0.0978565 
  5966.0  0.0978579 
  5968.0  0.0978612 
  5970.0  0.0978703 
  5972.0  0.0978878 
  5974.0   0.097911 
  5976.0  0.0979356 
  5978.0  0.0979577 
  5980.0  0.0979731 
  5982.0  0.0979792 
  5984.0    0.09798 
  5986.0   0.097981 
  5988.0  0.0979877 
  5990.0  0.0980057 
  5992.0  0.0980377 
  5994.0  0.0980756 
  5996.0  0.0981083 
  5998.0  0.0981249 
  6000.0  0.0981143 
  6002.0  0.0980691 
  6004.0  0.0979954 
  6006.0   0.097903 
  6008.0  0.0978015 
  6010.0  0.0977007 
  6012.0  0.0976081 
  6014.0  0.0975233 
  6016.0  0.0974438 
  6018.0  0.0973672 
  6020.0  0.0972907 
  6022.0  0.0972125 
  6024.0  0.0971323 
  6026.0  0.0970504 
  6028.0   0.096967 
  6030.0  0.0968824 
  6032.0  0.0967969 
  6034.0  0.0967121 
  6036.0  0.0966294 
  6038.0  0.0965504 
  6040.0  0.0964767 
  6042.0  0.0964085 
  6044.0  0.0963406 
  6046.0  0.0962665 
  6048.0  0.0961797 
  6050.0  0.0960736 
  6052.0   0.095944 
  6054.0  0.0957951 
  6056.0  0.0956336 
  6058.0   0.095466 
  6060.0  0.0952989 
  6062.0  0.0951373 
  6064.0   0.094981 
  6066.0  0.0948281 
  6068.0   0.094677 
  6070.0  0.0945257 
  6072.0  0.0943731 
  6074.0  0.0942191 
  6076.0  0.0940643 
  6078.0  0.0939092 
  6080.0  0.0937543 
  6082.0     0.0936 
  6084.0  0.0934463 
  6086.0  0.0932929 
  6088.0  0.0931397 
  6090.0  0.0929866 
  6092.0  0.0928334 
  6094.0    0.09268 
  6096.0  0.0925267 
  6098.0  0.0923735 
  6100.0  0.0922205 
  6102.0  0.0920678 
  6104.0  0.0919152 
  6106.0  0.0917628 
  6108.0  0.0916105 
  6110.0  0.0914582 
  6112.0  0.0913059 
  6114.0  0.0911536 
  6116.0  0.0910014 
  6118.0  0.0908493 
  6120.0  0.0906974 
  6122.0  0.0905458 
  6124.0  0.0903942 
  6126.0  0.0902427 
  6128.0  0.0900911 
  6130.0  0.0899393 
  6132.0  0.0897872 
  6134.0  0.0896351 
  6136.0  0.0894834 
  6138.0  0.0893324 
  6140.0  0.0891826 
  6142.0   0.089034 
  6144.0  0.0888856 
  6146.0  0.0887363 
  6148.0  0.0885847 
  6150.0  0.0884296 
  6152.0  0.0882701 
  6154.0  0.0881068 
  6156.0  0.0879406 
  6158.0  0.0877724 
  6160.0  0.0876031 
  6162.0  0.0874336 
  6164.0  0.0872652 
  6166.0  0.0870991 
  6168.0  0.0869367 
  6170.0  0.0867791 
  6172.0  0.0866272 
  6174.0  0.0864791 
  6176.0  0.0863322 
  6178.0  0.0861842 
  6180.0  0.0860327 
  6182.0  0.0858758 
  6184.0  0.0857142 
  6186.0  0.0855491 
  6188.0  0.0853819 
  6190.0  0.0852138 
  6192.0   0.085046 
  6194.0  0.0848795 
  6196.0  0.0847151 
  6198.0  0.0845538 
  6200.0  0.0843964 
  6202.0  0.0842434 
  6204.0  0.0840941 
  6206.0  0.0839472 
  6208.0  0.0838016 
  6210.0  0.0836563 
  6212.0  0.0835101 
  6214.0  0.0833632 
  6216.0  0.0832157 
  6218.0  0.0830677 
  6220.0  0.0829197 
  6222.0  0.0827716 
  6224.0  0.0826238 
  6226.0  0.0824765 
  6228.0  0.0823299 
  6230.0  0.0821843 
  6232.0  0.0820396 
  6234.0   0.081895 
  6236.0  0.0817493 
  6238.0  0.0816015 
  6240.0  0.0814502 
  6242.0  0.0812954 
  6244.0  0.0811405 
  6246.0    0.08099 
  6248.0  0.0808482 
  6250.0  0.0807196 
  6252.0  0.0806069 
  6254.0  0.0805059 
  6256.0   0.080411 
  6258.0  0.0803164 
  6260.0  0.0802163 
  6262.0  0.0801065 
  6264.0  0.0799898 
  6266.0  0.0798702 
  6268.0   0.079752 
  6270.0  0.0796394 
  6272.0  0.0795353 
  6274.0  0.0794372 
  6276.0  0.0793413 
  6278.0  0.0792436 
  6280.0  0.0791404 
  6282.0   0.079029 
  6284.0  0.0789121 
  6286.0  0.0787937 
  6288.0  0.0786776 
  6290.0  0.0785678 
  6292.0  0.0784668 
  6294.0  0.0783715 
  6296.0  0.0782771 
  6298.0  0.0781792 
  6300.0  0.0780731 
  6302.0  0.0779556 
  6304.0  0.0778289 
  6306.0  0.0776965 
  6308.0  0.0775621 
  6310.0  0.0774291 
  6312.0  0.0773003 
  6314.0   0.077174 
  6316.0  0.0770481 
  6318.0    0.07692 
  6320.0  0.0767874 
  6322.0  0.0766487 
  6324.0  0.0765055 
  6326.0  0.0763602 
  6328.0  0.0762153 
  6330.0  0.0760733 
  6332.0   0.075936 
  6334.0  0.0758038 
  6336.0  0.0756764 
  6338.0  0.0755538 
  6340.0  0.0754357 
  6342.0  0.0753211 
  6344.0  0.0752055 
  6346.0  0.0750838 
  6348.0  0.0749504 
  6350.0  0.0748003 
  6352.0  0.0746301 
  6354.0  0.0744448 
  6356.0  0.0742512 
  6358.0  0.0740564 
  6360.0  0.0738672 
  6362.0  0.0736888 
  6364.0  0.0735183 
  6366.0  0.0733514 
  6368.0  0.0731834 
  6370.0  0.0730098 
  6372.0  0.0728274 
  6374.0  0.0726391 
  6376.0   0.072449 
  6378.0  0.0722614 
  6380.0  0.0720803 
  6382.0  0.0719084 
  6384.0  0.0717422 
  6386.0  0.0715766 
  6388.0  0.0714063 
  6390.0  0.0712263 
  6392.0  0.0710339 
  6394.0  0.0708358 
  6396.0  0.0706414 
  6398.0  0.0704598 
  6400.0  0.0703003 
  6402.0  0.0701695 
  6404.0  0.0700634 
  6406.0  0.0699753 
  6408.0  0.0698987 
  6410.0  0.0698269 
  6412.0  0.0697543 
  6414.0  0.0696791 
  6416.0  0.0696004 
  6418.0  0.0695176 
  6420.0  0.0694297 
  6422.0  0.0693365 
  6424.0  0.0692401 
  6426.0  0.0691433 
  6428.0  0.0690487 
  6430.0   0.068959 
  6432.0  0.0688759 
  6434.0  0.0687978 
  6436.0  0.0687219 
  6438.0  0.0686457 
  6440.0  0.0685664 
  6442.0  0.0684821 
  6444.0  0.0683926 
  6446.0  0.0682987 
  6448.0  0.0682008 
  6450.0  0.0680995 
  6452.0  0.0679953 
  6454.0  0.0678888 
  6456.0  0.0677803 
  6458.0  0.0676702 
  6460.0   0.067559 
  6462.0  0.0674473 
  6464.0  0.0673363 
  6466.0  0.0672274 
  6468.0  0.0671221 
  6470.0  0.0670216 
  6472.0  0.0669267 
  6474.0  0.0668357 
  6476.0  0.0667459 
  6478.0  0.0666548 
  6480.0    0.06656 
  6482.0  0.0664595 
  6484.0  0.0663543 
  6486.0  0.0662458 
  6488.0  0.0661356 
  6490.0  0.0660251 
  6492.0  0.0659157 
  6494.0  0.0658077 
  6496.0   0.065701 
  6498.0  0.0655957 
  6500.0  0.0654919 
  6502.0  0.0653894 
  6504.0  0.0652866 
  6506.0   0.065182 
  6508.0  0.0650739 
  6510.0  0.0649605 
  6512.0  0.0648411 
  6514.0  0.0647179 
  6516.0  0.0645939 
  6518.0  0.0644722 
  6520.0  0.0643559 
  6522.0  0.0642469 
  6524.0   0.064143 
  6526.0  0.0640408 
  6528.0  0.0639369 
  6530.0  0.0638281 
  6532.0  0.0637119 
  6534.0  0.0635905 
  6536.0  0.0634671 
  6538.0  0.0633448 
  6540.0  0.0632269 
  6542.0  0.0631157 
  6544.0  0.0630097 
  6546.0  0.0629068 
  6548.0  0.0628048 
  6550.0  0.0627014 
  6552.0  0.0625952 
  6554.0  0.0624876 
  6556.0  0.0623808 
  6558.0  0.0622771 
  6560.0  0.0621788 
  6562.0  0.0620871 
  6564.0  0.0619997 
  6566.0  0.0619135 
  6568.0  0.0618252 
  6570.0  0.0617317 
  6572.0  0.0616308 
  6574.0   0.061525 
  6576.0  0.0614177 
  6578.0  0.0613123 
  6580.0  0.0612123 
  6582.0    0.06112 
  6584.0   0.061033 
  6586.0  0.0609478 
  6588.0  0.0608608 
  6590.0  0.0607684 
  6592.0  0.0606684 
  6594.0   0.060563 
  6596.0   0.060456 
  6598.0  0.0603509 
  6600.0  0.0602513 
  6602.0  0.0601596 
  6604.0  0.0600735 
  6606.0  0.0599892 
  6608.0  0.0599031 
  6610.0  0.0598117 
  6612.0  0.0597124 
  6614.0  0.0596078 
  6616.0  0.0595014 
  6618.0  0.0593969 
  6620.0  0.0592978 
  6622.0  0.0592065 
  6624.0  0.0591208 
  6626.0  0.0590369 
  6628.0  0.0589513 
  6630.0  0.0588603 
  6632.0  0.0587616 
  6634.0  0.0586575 
  6636.0  0.0585517 
  6638.0  0.0584479 
  6640.0  0.0583495 
  6642.0  0.0582591 
  6644.0  0.0581742 
  6646.0  0.0580911 
  6648.0  0.0580063 
  6650.0  0.0579162 
  6652.0  0.0578182 
  6654.0  0.0577148 
  6656.0  0.0576097 
  6658.0  0.0575064 
  6660.0  0.0574085 
  6662.0  0.0573186 
  6664.0   0.057234 
  6666.0  0.0571514 
  6668.0   0.057067 
  6670.0  0.0569772 
  6672.0  0.0568797 
  6674.0  0.0567768 
  6676.0  0.0566722 
  6678.0  0.0565692 
  6680.0  0.0564716 
  6682.0  0.0563816 
  6684.0  0.0562971 
  6686.0  0.0562148 
  6688.0  0.0561313 
  6690.0  0.0560432 
  6692.0  0.0559482 
  6694.0  0.0558479 
  6696.0  0.0557449 
  6698.0   0.055642 
  6700.0  0.0555416 
  6702.0   0.055446 
  6704.0  0.0553557 
  6706.0  0.0552706 
  6708.0  0.0551908 
  6710.0  0.0551162 
  6712.0  0.0550464 
  6714.0  0.0549792 
  6716.0   0.054912 
  6718.0  0.0548421 
  6720.0   0.054767 
  6722.0  0.0546849 
  6724.0  0.0545983 
  6726.0  0.0545105 
  6728.0  0.0544247 
  6730.0  0.0543444 
  6732.0  0.0542717 
  6734.0  0.0542042 
  6736.0  0.0541384 
  6738.0  0.0540708 
  6740.0  0.0539979 
  6742.0  0.0539174 
  6744.0  0.0538316 
  6746.0  0.0537441 
  6748.0  0.0536584 
  6750.0  0.0535782 
  6752.0  0.0535058 
  6754.0  0.0534388 
  6756.0  0.0533736 
  6758.0  0.0533067 
  6760.0  0.0532345 
  6762.0  0.0531546 
  6764.0  0.0530694 
  6766.0  0.0529825 
  6768.0  0.0528973 
  6770.0  0.0528176 
  6772.0  0.0527456 
  6774.0  0.0526791 
  6776.0  0.0526144 
  6778.0  0.0525481 
  6780.0  0.0524766 
  6782.0  0.0523975 
  6784.0  0.0523131 
  6786.0  0.0522267 
  6788.0  0.0521416 
  6790.0  0.0520613 
  6792.0   0.051988 
  6794.0  0.0519202 
  6796.0  0.0518552 
  6798.0  0.0517903 
  6800.0   0.051723 
  6802.0   0.051651 
  6804.0  0.0515738 
  6806.0  0.0514915 
  6808.0   0.051404 
  6810.0  0.0513114 
  6812.0  0.0512141 
  6814.0  0.0511143 
  6816.0  0.0510145 
  6818.0  0.0509174 
  6820.0  0.0508256 
  6822.0  0.0507408 
  6824.0  0.0506606 
  6826.0  0.0505818 
  6828.0  0.0505012 
  6830.0  0.0504157 
  6832.0  0.0503229 
  6834.0   0.050225 
  6836.0  0.0501252 
  6838.0  0.0500267 
  6840.0  0.0499325 
  6842.0   0.049845 
  6844.0  0.0497627 
  6846.0  0.0496835 
  6848.0  0.0496051 
  6850.0  0.0495252 
  6852.0  0.0494423 
  6854.0  0.0493579 
  6856.0  0.0492744 
  6858.0  0.0491941 
  6860.0  0.0491191 
  6862.0  0.0490509 
  6864.0  0.0489871 
  6866.0  0.0489246 
  6868.0  0.0488599 
  6870.0  0.0487899 
  6872.0  0.0487124 
  6874.0  0.0486298 
  6876.0  0.0485456 
  6878.0  0.0484633 
  6880.0  0.0483863 
  6882.0  0.0483171 
  6884.0  0.0482533 
  6886.0  0.0481914 
  6888.0  0.0481279 
  6890.0  0.0480595 
  6892.0  0.0479837 
  6894.0  0.0479026 
  6896.0  0.0478192 
  6898.0  0.0477368 
  6900.0  0.0476585 
  6902.0  0.0475865 
  6904.0  0.0475198 
  6906.0  0.0474568 
  6908.0  0.0473955 
  6910.0  0.0473341 
  6912.0  0.0472713 
  6914.0  0.0472072 
  6916.0  0.0471421 
  6918.0  0.0470765 
  6920.0   0.047011 
  6922.0  0.0469458 
  6924.0   0.046881 
  6926.0  0.0468165 
  6928.0  0.0467522 
  6930.0   0.046688 
  6932.0  0.0466237 
  6934.0  0.0465595 
  6936.0  0.0464953 
  6938.0  0.0464312 
  6940.0  0.0463671 
  6942.0  0.0463032 
  6944.0  0.0462392 
  6946.0  0.0461754 
  6948.0  0.0461115 
  6950.0  0.0460475 
  6952.0  0.0459836 
  6954.0  0.0459196 
  6956.0  0.0458556 
  6958.0  0.0457917 
  6960.0   0.045728 
  6962.0  0.0456644 
  6964.0  0.0456009 
  6966.0  0.0455375 
  6968.0  0.0454741 
  6970.0  0.0454107 
  6972.0  0.0453471 
  6974.0  0.0452836 
  6976.0    0.04522 
  6978.0  0.0451566 
  6980.0  0.0450934 
  6982.0  0.0450305 
  6984.0  0.0449677 
  6986.0  0.0449048 
  6988.0  0.0448418 
  6990.0  0.0447784 
  6992.0  0.0447146 
  6994.0  0.0446508 
  6996.0  0.0445875 
  6998.0  0.0445252 
  7000.0  0.0444644 
  7002.0  0.0444055 
  7004.0  0.0443481 
  7006.0  0.0442918 
  7008.0   0.044236 
  7010.0  0.0441803 
  7012.0  0.0441243 
  7014.0  0.0440679 
  7016.0  0.0440114 
  7018.0  0.0439548 
  7020.0  0.0438983 
  7022.0  0.0438418 
  7024.0  0.0437855 
  7026.0  0.0437294 
  7028.0  0.0436733 
  7030.0  0.0436173 
  7032.0  0.0435614 
  7034.0  0.0435055 
  7036.0  0.0434496 
  7038.0  0.0433936 
  7040.0  0.0433375 
  7042.0  0.0432812 
  7044.0  0.0432249 
  7046.0  0.0431689 
  7048.0  0.0431134 
  7050.0  0.0430587 
  7052.0  0.0430048 
  7054.0  0.0429518 
  7056.0  0.0428992 
  7058.0   0.042847 
  7060.0  0.0427948 
  7062.0  0.0427425 
  7064.0  0.0426901 
  7066.0  0.0426377 
  7068.0  0.0425853 
  7070.0  0.0425329 
  7072.0  0.0424807 
  7074.0  0.0424285 
  7076.0  0.0423764 
  7078.0  0.0423243 
  7080.0  0.0422721 
  7082.0    0.04222 
  7084.0  0.0421679 
  7086.0  0.0421158 
  7088.0   0.042064 
  7090.0  0.0420124 
  7092.0   0.041961 
  7094.0  0.0419097 
  7096.0  0.0418582 
  7098.0  0.0418063 
  7100.0  0.0417536 
  7102.0  0.0417001 
  7104.0  0.0416458 
  7106.0  0.0415911 
  7108.0  0.0415361 
  7110.0   0.041481 
  7112.0  0.0414262 
  7114.0  0.0413716 
  7116.0  0.0413171 
  7118.0  0.0412627 
  7120.0  0.0412084 
  7122.0  0.0411541 
  7124.0  0.0410999 
  7126.0  0.0410457 
  7128.0  0.0409917 
  7130.0  0.0409379 
  7132.0  0.0408842 
  7134.0  0.0408305 
  7136.0  0.0407768 
  7138.0  0.0407228 
  7140.0  0.0406683 
  7142.0  0.0406133 
  7144.0  0.0405583 
  7146.0  0.0405038 
  7148.0  0.0404504 
  7150.0  0.0403986 
  7152.0  0.0403488 
  7154.0  0.0403007 
  7156.0  0.0402536 
  7158.0  0.0402071 
  7160.0  0.0401606 
  7162.0  0.0401137 
  7164.0  0.0400664 
  7166.0  0.0400189 
  7168.0  0.0399712 
  7170.0  0.0399237 
  7172.0  0.0398762 
  7174.0  0.0398289 
  7176.0  0.0397818 
  7178.0  0.0397347 
  7180.0  0.0396876 
  7182.0  0.0396406 
  7184.0  0.0395935 
  7186.0  0.0395465 
  7188.0  0.0394995 
  7190.0  0.0394525 
  7192.0  0.0394056 
  7194.0  0.0393587 
  7196.0  0.0393119 
  7198.0  0.0392651 
  7200.0  0.0392184 
  7202.0  0.0391717 
  7204.0   0.039125 
  7206.0  0.0390783 
  7208.0  0.0390317 
  7210.0  0.0389852 
  7212.0  0.0389386 
  7214.0  0.0388921 
  7216.0  0.0388457 
  7218.0  0.0387993 
  7220.0  0.0387529 
  7222.0  0.0387065 
  7224.0  0.0386601 
  7226.0  0.0386138 
  7228.0  0.0385676 
  7230.0  0.0385215 
  7232.0  0.0384755 
  7234.0  0.0384296 
  7236.0  0.0383836 
  7238.0  0.0383374 
  7240.0   0.038291 
  7242.0  0.0382443 
  7244.0  0.0381976 
  7246.0  0.0381513 
  7248.0  0.0381057 
  7250.0  0.0380614 
  7252.0  0.0380185 
  7254.0  0.0379768 
  7256.0  0.0379359 
  7258.0  0.0378954 
  7260.0   0.037855 
  7262.0  0.0378142 
  7264.0  0.0377731 
  7266.0  0.0377319 
  7268.0  0.0376906 
  7270.0  0.0376494 
  7272.0  0.0376083 
  7274.0  0.0375673 
  7276.0  0.0375264 
  7278.0  0.0374855 
  7280.0  0.0374447 
  7282.0  0.0374038 
  7284.0  0.0373629 
  7286.0  0.0373221 
  7288.0  0.0372814 
  7290.0  0.0372409 
  7292.0  0.0372005 
  7294.0  0.0371601 
  7296.0  0.0371196 
  7298.0  0.0370789 
  7300.0  0.0370379 
  7302.0  0.0369964 
  7304.0  0.0369546 
  7306.0  0.0369126 
  7308.0  0.0368705 
  7310.0  0.0368284 
  7312.0  0.0367865 
  7314.0  0.0367447 
  7316.0   0.036703 
  7318.0  0.0366613 
  7320.0  0.0366197 
  7322.0   0.036578 
  7324.0  0.0365364 
  7326.0  0.0364948 
  7328.0  0.0364532 
  7330.0  0.0364119 
  7332.0  0.0363706 
  7334.0  0.0363295 
  7336.0  0.0362882 
  7338.0  0.0362467 
  7340.0  0.0362049 
  7342.0  0.0361627 
  7344.0  0.0361205 
  7346.0  0.0360787 
  7348.0   0.036038 
  7350.0  0.0359987 
  7352.0  0.0359613 
  7354.0  0.0359255 
  7356.0  0.0358909 
  7358.0  0.0358572 
  7360.0  0.0358241 
  7362.0  0.0357911 
  7364.0  0.0357582 
  7366.0  0.0357251 
  7368.0  0.0356916 
  7370.0  0.0356576 
  7372.0   0.035623 
  7374.0   0.035588 
  7376.0  0.0355528 
  7378.0  0.0355179 
  7380.0  0.0354836 
  7382.0    0.03545 
  7384.0  0.0354169 
  7386.0   0.035384 
  7388.0  0.0353511 
  7390.0  0.0353177 
  7392.0  0.0352837 
  7394.0  0.0352492 
  7396.0  0.0352146 
  7398.0  0.0351802 
  7400.0  0.0351462 
  7402.0   0.035113 
  7404.0  0.0350803 
  7406.0  0.0350477 
  7408.0   0.035015 
  7410.0  0.0349819 
  7412.0  0.0349482 
  7414.0   0.034914 
  7416.0  0.0348797 
  7418.0  0.0348456 
  7420.0   0.034812 
  7422.0  0.0347792 
  7424.0  0.0347468 
  7426.0  0.0347146 
  7428.0  0.0346822 
  7430.0  0.0346493 
  7432.0  0.0346157 
  7434.0  0.0345817 
  7436.0  0.0345476 
  7438.0  0.0345139 
  7440.0   0.034481 
  7442.0  0.0344491 
  7444.0  0.0344177 
  7446.0  0.0343861 
  7448.0  0.0343537 
  7450.0  0.0343198 
  7452.0  0.0342839 
  7454.0  0.0342464 
  7456.0  0.0342078 
  7458.0  0.0341687 
  7460.0  0.0341297 
  7462.0  0.0340912 
  7464.0  0.0340531 
  7466.0  0.0340154 
  7468.0  0.0339778 
  7470.0  0.0339403 
  7472.0  0.0339028 
  7474.0  0.0338651 
  7476.0  0.0338274 
  7478.0  0.0337896 
  7480.0  0.0337518 
  7482.0   0.033714 
  7484.0  0.0336763 
  7486.0  0.0336387 
  7488.0  0.0336012 
  7490.0   0.033564 
  7492.0  0.0335269 
  7494.0    0.03349 
  7496.0  0.0334529 
  7498.0  0.0334156 
  7500.0  0.0333779 
  7502.0  0.0333397 
  7504.0  0.0333011 
  7506.0  0.0332622 
  7508.0  0.0332231 
  7510.0  0.0331842 
  7512.0  0.0331453 
  7514.0  0.0331067 
  7516.0  0.0330681 
  7518.0  0.0330296 
  7520.0  0.0329911 
  7522.0  0.0329525 
  7524.0   0.032914 
  7526.0  0.0328755 
  7528.0  0.0328371 
  7530.0  0.0327988 
  7532.0  0.0327606 
  7534.0  0.0327225 
  7536.0  0.0326843 
  7538.0  0.0326459 
  7540.0  0.0326072 
  7542.0  0.0325681 
  7544.0  0.0325289 
  7546.0  0.0324901 
  7548.0  0.0324521 
  7550.0  0.0324152 
  7552.0  0.0323798 
  7554.0  0.0323456 
  7556.0  0.0323125 
  7558.0  0.0322802 
  7560.0  0.0322483 
  7562.0  0.0322166 
  7564.0   0.032185 
  7566.0  0.0321532 
  7568.0  0.0321211 
  7570.0  0.0320884 
  7572.0  0.0320551 
  7574.0  0.0320214 
  7576.0  0.0319878 
  7578.0  0.0319544 
  7580.0  0.0319218 
  7582.0  0.0318901 
  7584.0  0.0318589 
  7586.0  0.0318279 
  7588.0  0.0317965 
  7590.0  0.0317643 
  7592.0  0.0317309 
  7594.0   0.031697 
  7596.0  0.0316632 
  7598.0  0.0316303 
  7600.0   0.031599 
  7602.0  0.0315699 
  7604.0  0.0315424 
  7606.0  0.0315162 
  7608.0  0.0314907 
  7610.0  0.0314651 
  7612.0  0.0314392 
  7614.0  0.0314128 
  7616.0  0.0313859 
  7618.0  0.0313586 
  7620.0  0.0313308 
  7622.0  0.0313027 
  7624.0  0.0312745 
  7626.0  0.0312462 
  7628.0  0.0312183 
  7630.0  0.0311908 
  7632.0   0.031164 
  7634.0  0.0311376 
  7636.0  0.0311114 
  7638.0  0.0310853 
  7640.0  0.0310589 
  7642.0  0.0310321 
  7644.0  0.0310051 
  7646.0  0.0309784 
  7648.0  0.0309521 
  7650.0  0.0309266 
  7652.0  0.0309021 
  7654.0  0.0308785 
  7656.0  0.0308556 
  7658.0  0.0308331 
  7660.0  0.0308107 
  7662.0  0.0307882 
  7664.0  0.0307656 
  7666.0  0.0307426 
  7668.0  0.0307193 
  7670.0  0.0306955 
  7672.0  0.0306712 
  7674.0  0.0306466 
  7676.0  0.0306219 
  7678.0  0.0305975 
  7680.0  0.0305735 
  7682.0  0.0305503 
  7684.0  0.0305275 
  7686.0   0.030505 
  7688.0  0.0304824 
  7690.0  0.0304596 
  7692.0  0.0304363 
  7694.0  0.0304129 
  7696.0  0.0303898 
  7698.0  0.0303674 
  7700.0  0.0303463 
  7702.0  0.0303266 
  7704.0  0.0303081 
  7706.0  0.0302904 
  7708.0  0.0302731 
  7710.0  0.0302558 
  7712.0  0.0302382 
  7714.0  0.0302203 
  7716.0  0.0302022 
  7718.0  0.0301841 
  7720.0  0.0301659 
  7722.0  0.0301479 
  7724.0    0.03013 
  7726.0  0.0301121 
  7728.0  0.0300944 
  7730.0  0.0300767 
  7732.0   0.030059 
  7734.0  0.0300414 
  7736.0  0.0300239 
  7738.0  0.0300064 
  7740.0   0.029989 
  7742.0  0.0299717 
  7744.0  0.0299543 
  7746.0  0.0299368 
  7748.0  0.0299191 
  7750.0   0.029901 
  7752.0  0.0298825 
  7754.0  0.0298636 
  7756.0  0.0298445 
  7758.0  0.0298253 
  7760.0  0.0298062 
  7762.0  0.0297871 
  7764.0  0.0297681 
  7766.0  0.0297493 
  7768.0  0.0297306 
  7770.0  0.0297119 
  7772.0  0.0296933 
  7774.0  0.0296747 
  7776.0  0.0296561 
  7778.0  0.0296373 
  7780.0  0.0296183 
  7782.0  0.0295991 
  7784.0  0.0295798 
  7786.0  0.0295609 
  7788.0  0.0295426 
  7790.0  0.0295252 
  7792.0  0.0295087 
  7794.0  0.0294922 
  7796.0  0.0294748 
  7798.0  0.0294553 
  7800.0  0.0294326 
  7802.0  0.0294061 
  7804.0  0.0293766 
  7806.0  0.0293451 
  7808.0  0.0293131 
  7810.0  0.0292816 
  7812.0  0.0292515 
  7814.0  0.0292226 
  7816.0  0.0291944 
  7818.0  0.0291662 
  7820.0  0.0291374 
  7822.0  0.0291078 
  7824.0  0.0290774 
  7826.0  0.0290468 
  7828.0  0.0290163 
  7830.0  0.0289864 
  7832.0  0.0289573 
  7834.0  0.0289288 
  7836.0  0.0289006 
  7838.0  0.0288722 
  7840.0  0.0288434 
  7842.0  0.0288139 
  7844.0   0.028784 
  7846.0  0.0287539 
  7848.0   0.028724 
  7850.0  0.0286946 
  7852.0  0.0286659 
  7854.0  0.0286377 
  7856.0  0.0286097 
  7858.0  0.0285814 
  7860.0  0.0285527 
  7862.0  0.0285231 
  7864.0  0.0284931 
  7866.0   0.028463 
  7868.0  0.0284331 
  7870.0  0.0284039 
  7872.0  0.0283755 
  7874.0  0.0283478 
  7876.0  0.0283203 
  7878.0  0.0282925 
  7880.0  0.0282642 
  7882.0   0.028235 
  7884.0  0.0282052 
  7886.0  0.0281753 
  7888.0  0.0281456 
  7890.0  0.0281165 
  7892.0  0.0280884 
  7894.0  0.0280609 
  7896.0  0.0280334 
  7898.0  0.0280056 
  7900.0  0.0279768 
  7902.0  0.0279468 
  7904.0  0.0279158 
  7906.0  0.0278845 
  7908.0  0.0278534 
  7910.0  0.0278228 
  7912.0  0.0277933 
  7914.0  0.0277644 
  7916.0  0.0277359 
  7918.0  0.0277072 
  7920.0  0.0276779 
  7922.0  0.0276477 
  7924.0  0.0276169 
  7926.0  0.0275859 
  7928.0  0.0275551 
  7930.0   0.027525 
  7932.0  0.0274957 
  7934.0  0.0274671 
  7936.0  0.0274386 
  7938.0  0.0274097 
  7940.0    0.02738 
  7942.0  0.0273492 
  7944.0  0.0273179 
  7946.0  0.0272868 
  7948.0  0.0272566 
  7950.0  0.0272281 
  7952.0  0.0272018 
  7954.0  0.0271772 
  7956.0  0.0271537 
  7958.0  0.0271307 
  7960.0  0.0271075 
  7962.0  0.0270835 
  7964.0  0.0270591 
  7966.0  0.0270345 
  7968.0    0.02701 
  7970.0  0.0269862 
  7972.0  0.0269631 
  7974.0  0.0269407 
  7976.0  0.0269185 
  7978.0  0.0268964 
  7980.0  0.0268739 
  7982.0  0.0268509 
  7984.0  0.0268274 
  7986.0  0.0268033 
  7988.0  0.0267787 
  7990.0  0.0267537 
  7992.0  0.0267282 
  7994.0   0.026703 
  7996.0  0.0266786 
  7998.0  0.0266557 
  8000.0   0.026635 
  8002.0   0.026617 
  8004.0  0.0266011 
  8006.0  0.0265869 
  8008.0  0.0265738 
  8010.0  0.0265612 
  8012.0  0.0265485 
  8014.0  0.0265357 
  8016.0  0.0265226 
  8018.0  0.0265091 
  8020.0  0.0264953 
  8022.0  0.0264809 
  8024.0  0.0264663 
  8026.0  0.0264517 
  8028.0  0.0264373 
  8030.0  0.0264234 
  8032.0  0.0264102 
  8034.0  0.0263974 
  8036.0  0.0263847 
  8038.0  0.0263719 
  8040.0  0.0263585 
  8042.0  0.0263445 
  8044.0    0.02633 
  8046.0  0.0263153 
  8048.0  0.0263007 
  8050.0  0.0262867 
  8052.0  0.0262733 
  8054.0  0.0262606 
  8056.0  0.0262482 
  8058.0   0.026236 
  8060.0  0.0262237 
  8062.0  0.0262113 
  8064.0  0.0261986 
  8066.0  0.0261858 
  8068.0   0.026173 
  8070.0  0.0261602 
  8072.0  0.0261475 
  8074.0  0.0261349 
  8076.0  0.0261223 
  8078.0  0.0261097 
  8080.0  0.0260971 
  8082.0  0.0260845 
  8084.0   0.026072 
  8086.0  0.0260595 
  8088.0  0.0260474 
  8090.0  0.0260356 
  8092.0  0.0260243 
  8094.0  0.0260129 
  8096.0  0.0260009 
  8098.0   0.025988 
  8100.0  0.0259736 
  8102.0  0.0259573 
  8104.0  0.0259395 
  8106.0  0.0259208 
  8108.0  0.0259015 
  8110.0  0.0258823 
  8112.0  0.0258636 
  8114.0  0.0258453 
  8116.0  0.0258273 
  8118.0  0.0258095 
  8120.0  0.0257916 
  8122.0  0.0257737 
  8124.0  0.0257557 
  8126.0  0.0257376 
  8128.0  0.0257195 
  8130.0  0.0257013 
  8132.0  0.0256832 
  8134.0  0.0256651 
  8136.0  0.0256471 
  8138.0  0.0256292 
  8140.0  0.0256115 
  8142.0  0.0255939 
  8144.0  0.0255763 
  8146.0  0.0255585 
  8148.0  0.0255401 
  8150.0  0.0255211 
  8152.0  0.0255012 
  8154.0  0.0254807 
  8156.0  0.0254597 
  8158.0  0.0254385 
  8160.0  0.0254173 
  8162.0  0.0253964 
  8164.0  0.0253758 
  8166.0  0.0253552 
  8168.0  0.0253347 
  8170.0  0.0253141 
  8172.0  0.0252934 
  8174.0  0.0252727 
  8176.0  0.0252518 
  8178.0   0.025231 
  8180.0  0.0252102 
  8182.0  0.0251895 
  8184.0  0.0251689 
  8186.0  0.0251484 
  8188.0   0.025128 
  8190.0  0.0251079 
  8192.0  0.0250878 
  8194.0  0.0250678 
  8196.0  0.0250476 
  8198.0   0.025027 
  8200.0  0.0250059 
  8202.0   0.024984 
  8204.0  0.0249618 
  8206.0  0.0249395 
  8208.0  0.0249174 
  8210.0  0.0248959 
  8212.0  0.0248753 
  8214.0  0.0248552 
  8216.0  0.0248354 
  8218.0  0.0248154 
  8220.0  0.0247949 
  8222.0  0.0247736 
  8224.0  0.0247519 
  8226.0  0.0247299 
  8228.0  0.0247081 
  8230.0  0.0246868 
  8232.0  0.0246662 
  8234.0  0.0246462 
  8236.0  0.0246263 
  8238.0  0.0246062 
  8240.0  0.0245855 
  8242.0  0.0245642 
  8244.0  0.0245423 
  8246.0  0.0245205 
  8248.0   0.024499 
  8250.0  0.0244783 
  8252.0  0.0244587 
  8254.0  0.0244401 
  8256.0   0.024422 
  8258.0  0.0244042 
  8260.0  0.0243863 
  8262.0  0.0243681 
  8264.0  0.0243496 
  8266.0   0.024331 
  8268.0  0.0243123 
  8270.0  0.0242936 
  8272.0  0.0242752 
  8274.0  0.0242568 
  8276.0  0.0242386 
  8278.0  0.0242205 
  8280.0  0.0242025 
  8282.0  0.0241845 
  8284.0  0.0241665 
  8286.0  0.0241484 
  8288.0  0.0241302 
  8290.0  0.0241117 
  8292.0   0.024093 
  8294.0  0.0240743 
  8296.0   0.024056 
  8298.0  0.0240382 
  8300.0  0.0240214 
  8302.0  0.0240056 
  8304.0  0.0239907 
  8306.0  0.0239761 
  8308.0  0.0239614 
  8310.0  0.0239462 
  8312.0  0.0239302 
  8314.0  0.0239135 
  8316.0  0.0238967 
  8318.0  0.0238801 
  8320.0   0.023864 
  8322.0  0.0238487 
  8324.0   0.023834 
  8326.0  0.0238195 
  8328.0  0.0238048 
  8330.0  0.0237896 
  8332.0  0.0237736 
  8334.0   0.023757 
  8336.0  0.0237401 
  8338.0  0.0237234 
  8340.0  0.0237072 
  8342.0  0.0236917 
  8344.0  0.0236767 
  8346.0  0.0236622 
  8348.0  0.0236479 
  8350.0  0.0236336 
  8352.0  0.0236191 
  8354.0  0.0236045 
  8356.0  0.0235898 
  8358.0  0.0235751 
  8360.0  0.0235604 
  8362.0  0.0235457 
  8364.0  0.0235311 
  8366.0  0.0235166 
  8368.0  0.0235021 
  8370.0  0.0234876 
  8372.0  0.0234731 
  8374.0  0.0234586 
  8376.0  0.0234441 
  8378.0  0.0234296 
  8380.0  0.0234151 
  8382.0  0.0234007 
  8384.0  0.0233862 
  8386.0  0.0233718 
  8388.0  0.0233574 
  8390.0  0.0233431 
  8392.0  0.0233288 
  8394.0  0.0233146 
  8396.0  0.0233003 
  8398.0  0.0232859 
  8400.0  0.0232714 
  8402.0  0.0232567 
  8404.0  0.0232421 
  8406.0  0.0232276 
  8408.0  0.0232135 
  8410.0  0.0232001 
  8412.0  0.0231874 
  8414.0  0.0231752 
  8416.0  0.0231631 
  8418.0  0.0231507 
  8420.0  0.0231376 
  8422.0  0.0231237 
  8424.0  0.0231091 
  8426.0  0.0230944 
  8428.0  0.0230799 
  8430.0  0.0230661 
  8432.0  0.0230532 
  8434.0   0.023041 
  8436.0  0.0230291 
  8438.0   0.023017 
  8440.0  0.0230043 
  8442.0  0.0229908 
  8444.0  0.0229767 
  8446.0  0.0229623 
  8448.0  0.0229482 
  8450.0  0.0229345 
  8452.0  0.0229217 
  8454.0  0.0229094 
  8456.0  0.0228973 
  8458.0  0.0228851 
  8460.0  0.0228724 
  8462.0   0.022859 
  8464.0   0.022845 
  8466.0  0.0228309 
  8468.0  0.0228169 
  8470.0  0.0228033 
  8472.0  0.0227905 
  8474.0  0.0227782 
  8476.0  0.0227662 
  8478.0  0.0227543 
  8480.0   0.022742 
  8482.0  0.0227293 
  8484.0  0.0227161 
  8486.0  0.0227024 
  8488.0  0.0226883 
  8490.0  0.0226736 
  8492.0  0.0226587 
  8494.0  0.0226439 
  8496.0   0.022629 
  8498.0  0.0226143 
  8500.0  0.0225995 
  8502.0  0.0225848 
  8504.0  0.0225701 
  8506.0  0.0225554 
  8508.0  0.0225407 
  8510.0   0.022526 
  8512.0  0.0225113 
  8514.0  0.0224967 
  8516.0   0.022482 
  8518.0  0.0224674 
  8520.0  0.0224527 
  8522.0  0.0224381 
  8524.0  0.0224235 
  8526.0  0.0224089 
  8528.0  0.0223943 
  8530.0  0.0223797 
  8532.0  0.0223652 
  8534.0  0.0223506 
  8536.0  0.0223361 
  8538.0  0.0223216 
  8540.0  0.0223071 
  8542.0  0.0222926 
  8544.0  0.0222782 
  8546.0  0.0222637 
  8548.0  0.0222493 
  8550.0  0.0222349 
  8552.0  0.0222205 
  8554.0  0.0222061 
  8556.0  0.0221917 
  8558.0  0.0221773 
  8560.0   0.022163 
  8562.0  0.0221486 
  8564.0  0.0221343 
  8566.0    0.02212 
  8568.0  0.0221057 
  8570.0  0.0220914 
  8572.0  0.0220771 
  8574.0  0.0220628 
  8576.0  0.0220486 
  8578.0  0.0220343 
  8580.0  0.0220201 
  8582.0  0.0220059 
  8584.0  0.0219917 
  8586.0  0.0219775 
  8588.0  0.0219634 
  8590.0  0.0219492 
  8592.0  0.0219351 
  8594.0  0.0219209 
  8596.0  0.0219068 
  8598.0  0.0218927 
  8600.0  0.0218786 
  8602.0  0.0218646 
  8604.0  0.0218505 
  8606.0  0.0218365 
  8608.0  0.0218224 
  8610.0  0.0218084 
  8612.0  0.0217944 
  8614.0  0.0217804 
  8616.0  0.0217664 
  8618.0  0.0217524 
  8620.0  0.0217384 
  8622.0  0.0217245 
  8624.0  0.0217105 
  8626.0  0.0216966 
  8628.0  0.0216827 
  8630.0  0.0216688 
  8632.0  0.0216549 
  8634.0  0.0216411 
  8636.0  0.0216272 
  8638.0  0.0216134 
  8640.0  0.0215995 
  8642.0  0.0215857 
  8644.0  0.0215719 
  8646.0  0.0215581 
  8648.0  0.0215444 
  8650.0  0.0215306 
  8652.0  0.0215168 
  8654.0  0.0215031 
  8656.0  0.0214894 
  8658.0  0.0214757 
  8660.0   0.021462 
  8662.0  0.0214483 
  8664.0  0.0214346 
  8666.0  0.0214209 
  8668.0  0.0214073 
  8670.0  0.0213936 
  8672.0    0.02138 
  8674.0  0.0213664 
  8676.0  0.0213528 
  8678.0  0.0213392 
  8680.0  0.0213256 
  8682.0   0.021312 
  8684.0  0.0212985 
  8686.0  0.0212849 
  8688.0  0.0212714 
  8690.0  0.0212579 
  8692.0  0.0212444 
  8694.0  0.0212309 
  8696.0  0.0212174 
  8698.0   0.021204 
  8700.0  0.0211905 
  8702.0  0.0211771 
  8704.0  0.0211636 
  8706.0  0.0211502 
  8708.0  0.0211368 
  8710.0  0.0211234 
  8712.0  0.0211101 
  8714.0  0.0210967 
  8716.0  0.0210833 
  8718.0    0.02107 
  8720.0  0.0210567 
  8722.0  0.0210433 
  8724.0    0.02103 
  8726.0  0.0210167 
  8728.0  0.0210034 
  8730.0  0.0209902 
  8732.0  0.0209769 
  8734.0  0.0209637 
  8736.0  0.0209504 
  8738.0  0.0209372 
  8740.0   0.020924 
  8742.0  0.0209108 
  8744.0  0.0208976 
  8746.0  0.0208845 
  8748.0  0.0208713 
  8750.0  0.0208582 
  8752.0   0.020845 
  8754.0  0.0208319 
  8756.0  0.0208188 
  8758.0  0.0208057 
  8760.0  0.0207926 
  8762.0  0.0207795 
  8764.0  0.0207664 
  8766.0  0.0207534 
  8768.0  0.0207403 
  8770.0  0.0207273 
  8772.0  0.0207143 
  8774.0  0.0207012 
  8776.0  0.0206882 
  8778.0  0.0206753 
  8780.0  0.0206623 
  8782.0  0.0206493 
  8784.0  0.0206364 
  8786.0  0.0206234 
  8788.0  0.0206105 
  8790.0  0.0205976 
  8792.0  0.0205847 
  8794.0  0.0205718 
  8796.0   0.020559 
  8798.0  0.0205461 
  8800.0  0.0205332 
  8802.0  0.0205204 
  8804.0  0.0205076 
  8806.0  0.0204947 
  8808.0  0.0204819 
  8810.0  0.0204691 
  8812.0  0.0204563 
  8814.0  0.0204435 
  8816.0  0.0204308 
  8818.0   0.020418 
  8820.0  0.0204053 
  8822.0  0.0203925 
  8824.0  0.0203798 
  8826.0  0.0203671 
  8828.0  0.0203544 
  8830.0  0.0203418 
  8832.0  0.0203291 
  8834.0  0.0203164 
  8836.0  0.0203038 
  8838.0  0.0202911 
  8840.0  0.0202785 
  8842.0  0.0202659 
  8844.0  0.0202533 
  8846.0  0.0202407 
  8848.0  0.0202281 
  8850.0  0.0202155 
  8852.0   0.020203 
  8854.0  0.0201904 
  8856.0  0.0201779 
  8858.0  0.0201653 
  8860.0  0.0201528 
  8862.0  0.0201403 
  8864.0  0.0201278 
  8866.0  0.0201153 
  8868.0  0.0201028 
  8870.0  0.0200904 
  8872.0  0.0200779 
  8874.0  0.0200655 
  8876.0  0.0200531 
  8878.0  0.0200406 
  8880.0  0.0200282 
  8882.0  0.0200159 
  8884.0  0.0200035 
  8886.0  0.0199911 
  8888.0  0.0199787 
  8890.0  0.0199664 
  8892.0  0.0199541 
  8894.0  0.0199417 
  8896.0  0.0199294 
  8898.0  0.0199171 
  8900.0  0.0199048 
  8902.0  0.0198925 
  8904.0  0.0198802 
  8906.0   0.019868 
  8908.0  0.0198557 
  8910.0  0.0198435 
  8912.0  0.0198312 
  8914.0   0.019819 
  8916.0  0.0198068 
  8918.0  0.0197946 
  8920.0  0.0197824 
  8922.0  0.0197702 
  8924.0  0.0197581 
  8926.0  0.0197459 
  8928.0  0.0197338 
  8930.0  0.0197216 
  8932.0  0.0197095 
  8934.0  0.0196974 
  8936.0  0.0196853 
  8938.0  0.0196732 
  8940.0  0.0196611 
  8942.0   0.019649 
  8944.0   0.019637 
  8946.0  0.0196249 
  8948.0  0.0196129 
  8950.0  0.0196008 
  8952.0  0.0195888 
  8954.0  0.0195768 
  8956.0  0.0195648 
  8958.0  0.0195528 
  8960.0  0.0195408 
  8962.0  0.0195288 
  8964.0  0.0195169 
  8966.0  0.0195049 
  8968.0   0.019493 
  8970.0  0.0194811 
  8972.0  0.0194692 
  8974.0  0.0194573 
  8976.0  0.0194454 
  8978.0  0.0194335 
  8980.0  0.0194216 
  8982.0  0.0194098 
  8984.0  0.0193979 
  8986.0  0.0193861 
  8988.0  0.0193742 
  8990.0  0.0193624 
  8992.0  0.0193506 
  8994.0  0.0193388 
  8996.0   0.019327 
  8998.0  0.0193152 
  9000.0  0.0193034 
  9002.0  0.0192917 
  9004.0  0.0192799 
  9006.0  0.0192682 
  9008.0  0.0192564 
  9010.0  0.0192447 
  9012.0   0.019233 
  9014.0  0.0192213 
  9016.0  0.0192096 
  9018.0   0.019198 
  9020.0  0.0191863 
  9022.0  0.0191746 
  9024.0   0.019163 
  9026.0  0.0191513 
  9028.0  0.0191397 
  9030.0  0.0191281 
  9032.0  0.0191165 
  9034.0  0.0191048 
  9036.0  0.0190933 
  9038.0  0.0190817 
  9040.0  0.0190701 
  9042.0  0.0190585 
  9044.0   0.019047 
  9046.0  0.0190354 
  9048.0  0.0190239 
  9050.0  0.0190124 
  9052.0  0.0190008 
  9054.0  0.0189893 
  9056.0  0.0189778 
  9058.0  0.0189664 
  9060.0  0.0189549 
  9062.0  0.0189434 
  9064.0   0.018932 
  9066.0  0.0189205 
  9068.0  0.0189091 
  9070.0  0.0188977 
  9072.0  0.0188863 
  9074.0  0.0188749 
  9076.0  0.0188635 
  9078.0  0.0188521 
  9080.0  0.0188407 
  9082.0  0.0188294 
  9084.0   0.018818 
  9086.0  0.0188066 
  9088.0  0.0187953 
  9090.0   0.018784 
  9092.0  0.0187726 
  9094.0  0.0187613 
  9096.0    0.01875 
  9098.0  0.0187387 
  9100.0  0.0187274 
  9102.0  0.0187162 
  9104.0  0.0187049 
  9106.0  0.0186936 
  9108.0  0.0186824 
  9110.0  0.0186712 
  9112.0  0.0186599 
  9114.0  0.0186487 
  9116.0  0.0186375 
  9118.0  0.0186263 
  9120.0  0.0186152 
  9122.0   0.018604 
  9124.0  0.0185928 
  9126.0  0.0185817 
  9128.0  0.0185705 
  9130.0  0.0185594 
  9132.0  0.0185483 
  9134.0  0.0185371 
  9136.0   0.018526 
  9138.0  0.0185149 
  9140.0  0.0185038 
  9142.0  0.0184927 
  9144.0  0.0184817 
  9146.0  0.0184706 
  9148.0  0.0184595 
  9150.0  0.0184485 
  9152.0  0.0184375 
  9154.0  0.0184264 
  9156.0  0.0184154 
  9158.0  0.0184044 
  9160.0  0.0183934 
  9162.0  0.0183824 
  9164.0  0.0183715 
  9166.0  0.0183605 
  9168.0  0.0183495 
  9170.0  0.0183386 
  9172.0  0.0183276 
  9174.0  0.0183167 
  9176.0  0.0183058 
  9178.0  0.0182949 
  9180.0  0.0182839 
  9182.0   0.018273 
  9184.0  0.0182621 
  9186.0  0.0182513 
  9188.0  0.0182404 
  9190.0  0.0182295 
  9192.0  0.0182187 
  9194.0  0.0182078 
  9196.0   0.018197 
  9198.0  0.0181861 
  9200.0  0.0181753 
  9202.0  0.0181645 
  9204.0  0.0181537 
  9206.0  0.0181429 
  9208.0  0.0181321 
  9210.0  0.0181214 
  9212.0  0.0181106 
  9214.0  0.0180999 
  9216.0  0.0180891 
  9218.0  0.0180784 
  9220.0  0.0180677 
  9222.0  0.0180569 
  9224.0  0.0180462 
  9226.0  0.0180355 
  9228.0  0.0180248 
  9230.0  0.0180141 
  9232.0  0.0180035 
  9234.0  0.0179928 
  9236.0  0.0179821 
  9238.0  0.0179715 
  9240.0  0.0179608 
  9242.0  0.0179502 
  9244.0  0.0179396 
  9246.0   0.017929 
  9248.0  0.0179184 
  9250.0  0.0179078 
  9252.0  0.0178972 
  9254.0  0.0178866 
  9256.0  0.0178761 
  9258.0  0.0178655 
  9260.0   0.017855 
  9262.0  0.0178444 
  9264.0  0.0178339 
  9266.0  0.0178233 
  9268.0  0.0178128 
  9270.0  0.0178023 
  9272.0  0.0177918 
  9274.0  0.0177813 
  9276.0  0.0177708 
  9278.0  0.0177603 
  9280.0  0.0177499 
  9282.0  0.0177394 
  9284.0  0.0177289 
  9286.0  0.0177185 
  9288.0  0.0177081 
  9290.0  0.0176976 
  9292.0  0.0176872 
  9294.0  0.0176768 
  9296.0  0.0176664 
  9298.0   0.017656 
  9300.0  0.0176456 
  9302.0  0.0176353 
  9304.0  0.0176249 
  9306.0  0.0176146 
  9308.0  0.0176042 
  9310.0  0.0175939 
  9312.0  0.0175835 
  9314.0  0.0175732 
  9316.0  0.0175629 
  9318.0  0.0175526 
  9320.0  0.0175423 
  9322.0   0.017532 
  9324.0  0.0175217 
  9326.0  0.0175114 
  9328.0  0.0175012 
  9330.0  0.0174909 
  9332.0  0.0174807 
  9334.0  0.0174704 
  9336.0  0.0174602 
  9338.0    0.01745 
  9340.0  0.0174398 
  9342.0  0.0174296 
  9344.0  0.0174194 
  9346.0  0.0174092 
  9348.0   0.017399 
  9350.0  0.0173888 
  9352.0  0.0173787 
  9354.0  0.0173685 
  9356.0  0.0173583 
  9358.0  0.0173482 
  9360.0  0.0173381 
  9362.0  0.0173279 
  9364.0  0.0173178 
  9366.0  0.0173077 
  9368.0  0.0172976 
  9370.0  0.0172875 
  9372.0  0.0172774 
  9374.0  0.0172673 
  9376.0  0.0172572 
  9378.0  0.0172472 
  9380.0  0.0172371 
  9382.0  0.0172271 
  9384.0   0.017217 
  9386.0   0.017207 
  9388.0   0.017197 
  9390.0   0.017187 
  9392.0   0.017177 
  9394.0   0.017167 
  9396.0   0.017157 
  9398.0   0.017147 
  9400.0  0.0171371 
  9402.0  0.0171271 
  9404.0  0.0171172 
  9406.0  0.0171072 
  9408.0  0.0170973 
  9410.0  0.0170873 
  9412.0  0.0170774 
  9414.0  0.0170675 
  9416.0  0.0170576 
  9418.0  0.0170476 
  9420.0  0.0170378 
  9422.0  0.0170279 
  9424.0   0.017018 
  9426.0  0.0170081 
  9428.0  0.0169983 
  9430.0  0.0169884 
  9432.0  0.0169786 
  9434.0  0.0169687 
  9436.0  0.0169589 
  9438.0  0.0169491 
  9440.0  0.0169393 
  9442.0  0.0169295 
  9444.0  0.0169197 
  9446.0  0.0169099 
  9448.0  0.0169001 
  9450.0  0.0168903 
  9452.0  0.0168805 
  9454.0  0.0168708 
  9456.0   0.016861 
  9458.0  0.0168513 
  9460.0  0.0168415 
  9462.0  0.0168318 
  9464.0   0.016822 
  9466.0  0.0168123 
  9468.0  0.0168026 
  9470.0  0.0167929 
  9472.0  0.0167832 
  9474.0  0.0167735 
  9476.0  0.0167638 
  9478.0  0.0167542 
  9480.0  0.0167445 
  9482.0  0.0167349 
  9484.0  0.0167252 
  9486.0  0.0167156 
  9488.0   0.016706 
  9490.0  0.0166963 
  9492.0  0.0166867 
  9494.0  0.0166771 
  9496.0  0.0166675 
  9498.0  0.0166579 
  9500.0  0.0166483 
  9502.0  0.0166388 
  9504.0  0.0166292 
  9506.0  0.0166196 
  9508.0    0.01661 
  9510.0  0.0166005 
  9512.0  0.0165909 
  9514.0  0.0165814 
  9516.0  0.0165719 
  9518.0  0.0165624 
  9520.0  0.0165529 
  9522.0  0.0165434 
  9524.0  0.0165339 
  9526.0  0.0165244 
  9528.0  0.0165149 
  9530.0  0.0165054 
  9532.0   0.016496 
  9534.0  0.0164865 
  9536.0   0.016477 
  9538.0  0.0164676 
  9540.0  0.0164582 
  9542.0  0.0164487 
  9544.0  0.0164393 
  9546.0  0.0164299 
  9548.0  0.0164205 
  9550.0   0.016411 
  9552.0  0.0164016 
  9554.0  0.0163922 
  9556.0  0.0163829 
  9558.0  0.0163735 
  9560.0  0.0163641 
  9562.0  0.0163547 
  9564.0  0.0163454 
  9566.0   0.016336 
  9568.0  0.0163267 
  9570.0  0.0163174 
  9572.0  0.0163081 
  9574.0  0.0162987 
  9576.0  0.0162894 
  9578.0  0.0162801 
  9580.0  0.0162709 
  9582.0  0.0162616 
  9584.0  0.0162523 
  9586.0   0.016243 
  9588.0  0.0162338 
  9590.0  0.0162245 
  9592.0  0.0162152 
  9594.0   0.016206 
  9596.0  0.0161968 
  9598.0  0.0161875 
  9600.0  0.0161783 
  9602.0  0.0161691 
  9604.0  0.0161599 
  9606.0  0.0161507 
  9608.0  0.0161415 
  9610.0  0.0161323 
  9612.0  0.0161231 
  9614.0  0.0161139 
  9616.0  0.0161047 
  9618.0  0.0160956 
  9620.0  0.0160864 
  9622.0  0.0160773 
  9624.0  0.0160681 
  9626.0   0.016059 
  9628.0  0.0160499 
  9630.0  0.0160408 
  9632.0  0.0160316 
  9634.0  0.0160225 
  9636.0  0.0160135 
  9638.0  0.0160044 
  9640.0  0.0159953 
  9642.0  0.0159862 
  9644.0  0.0159771 
  9646.0  0.0159681 
  9648.0   0.015959 
  9650.0    0.01595 
  9652.0  0.0159409 
  9654.0  0.0159319 
  9656.0  0.0159228 
  9658.0  0.0159138 
  9660.0  0.0159048 
  9662.0  0.0158958 
  9664.0  0.0158868 
  9666.0  0.0158778 
  9668.0  0.0158688 
  9670.0  0.0158598 
  9672.0  0.0158509 
  9674.0  0.0158419 
  9676.0  0.0158329 
  9678.0   0.015824 
  9680.0   0.015815 
  9682.0  0.0158061 
  9684.0  0.0157972 
  9686.0  0.0157882 
  9688.0  0.0157793 
  9690.0  0.0157704 
  9692.0  0.0157615 
  9694.0  0.0157526 
  9696.0  0.0157437 
  9698.0  0.0157348 
  9700.0  0.0157259 
  9702.0   0.015717 
  9704.0  0.0157081 
  9706.0  0.0156993 
  9708.0  0.0156904 
  9710.0  0.0156816 
  9712.0  0.0156727 
  9714.0  0.0156639 
  9716.0  0.0156551 
  9718.0  0.0156462 
  9720.0  0.0156374 
  9722.0  0.0156286 
  9724.0  0.0156198 
  9726.0   0.015611 
  9728.0  0.0156023 
  9730.0  0.0155935 
  9732.0  0.0155847 
  9734.0  0.0155759 
  9736.0  0.0155672 
  9738.0  0.0155584 
  9740.0  0.0155497 
  9742.0  0.0155409 
  9744.0  0.0155322 
  9746.0  0.0155234 
  9748.0  0.0155147 
  9750.0   0.015506 
  9752.0  0.0154973 
  9754.0  0.0154886 
  9756.0  0.0154799 
  9758.0  0.0154712 
  9760.0  0.0154625 
  9762.0  0.0154538 
  9764.0  0.0154452 
  9766.0  0.0154365 
  9768.0  0.0154279 
  9770.0  0.0154192 
  9772.0  0.0154106 
  9774.0  0.0154019 
  9776.0  0.0153933 
  9778.0  0.0153847 
  9780.0   0.015376 
  9782.0  0.0153674 
  9784.0  0.0153588 
  9786.0  0.0153502 
  9788.0  0.0153416 
  9790.0   0.015333 
  9792.0  0.0153244 
  9794.0  0.0153158 
  9796.0  0.0153073 
  9798.0  0.0152987 
  9800.0  0.0152901 
  9802.0  0.0152816 
  9804.0   0.015273 
  9806.0  0.0152645 
  9808.0   0.015256 
  9810.0  0.0152474 
  9812.0  0.0152389 
  9814.0  0.0152304 
  9816.0  0.0152219 
  9818.0  0.0152134 
  9820.0  0.0152049 
  9822.0  0.0151965 
  9824.0   0.015188 
  9826.0  0.0151795 
  9828.0   0.015171 
  9830.0  0.0151626 
  9832.0  0.0151541 
  9834.0  0.0151456 
  9836.0  0.0151372 
  9838.0  0.0151287 
  9840.0  0.0151203 
  9842.0  0.0151119 
  9844.0  0.0151035 
  9846.0   0.015095 
  9848.0  0.0150866 
  9850.0  0.0150782 
  9852.0  0.0150698 
  9854.0  0.0150615 
  9856.0  0.0150531 
  9858.0  0.0150447 
  9860.0  0.0150363 
  9862.0   0.015028 
  9864.0  0.0150196 
  9866.0  0.0150113 
  9868.0  0.0150029 
  9870.0  0.0149946 
  9872.0  0.0149862 
  9874.0  0.0149779 
  9876.0  0.0149696 
  9878.0  0.0149612 
  9880.0  0.0149529 
  9882.0  0.0149446 
  9884.0  0.0149363 
  9886.0   0.014928 
  9888.0  0.0149197 
  9890.0  0.0149114 
  9892.0  0.0149032 
  9894.0  0.0148949 
  9896.0  0.0148866 
  9898.0  0.0148784 
  9900.0  0.0148701 
  9902.0  0.0148619 
  9904.0  0.0148536 
  9906.0  0.0148454 
  9908.0  0.0148372 
  9910.0   0.014829 
  9912.0  0.0148208 
  9914.0  0.0148126 
  9916.0  0.0148044 
  9918.0  0.0147962 
  9920.0   0.014788 
  9922.0  0.0147798 
  9924.0  0.0147716 
  9926.0  0.0147634 
  9928.0  0.0147552 
  9930.0  0.0147471 
  9932.0  0.0147389 
  9934.0  0.0147307 
  9936.0  0.0147226 
  9938.0  0.0147145 
  9940.0  0.0147063 
  9942.0  0.0146982 
  9944.0  0.0146901 
  9946.0   0.014682 
  9948.0  0.0146739 
  9950.0  0.0146658 
  9952.0  0.0146577 
  9954.0  0.0146496 
  9956.0  0.0146415 
  9958.0  0.0146334 
  9960.0  0.0146253 
  9962.0  0.0146173 
  9964.0  0.0146092 
  9966.0  0.0146011 
  9968.0  0.0145931 
  9970.0   0.014585 
  9972.0   0.014577 
  9974.0  0.0145689 
  9976.0  0.0145609 
  9978.0  0.0145529 
  9980.0  0.0145448 
  9982.0  0.0145368 
  9984.0  0.0145288 
  9986.0  0.0145208 
  9988.0  0.0145128 
  9990.0  0.0145048 
  9992.0  0.0144968 
  9994.0  0.0144889 
  9996.0  0.0144809 
  9998.0  0.0144729 
 10000.0   0.014465 
 10002.0   0.014457 
 10004.0  0.0144491 
 10006.0  0.0144411 
 10008.0  0.0144332 
 10010.0  0.0144253 
 10012.0  0.0144173 
 10014.0  0.0144094 
 10016.0  0.0144015 
 10018.0  0.0143936 
 10020.0  0.0143856 
 10022.0  0.0143777 
 10024.0  0.0143698 
 10026.0   0.014362 
 10028.0  0.0143541 
 10030.0  0.0143462 
 10032.0  0.0143383 
 10034.0  0.0143305 
 10036.0  0.0143226 
 10038.0  0.0143147 
 10040.0  0.0143069 
 10042.0  0.0142991 
 10044.0  0.0142912 
 10046.0  0.0142834 
 10048.0  0.0142756 
 10050.0  0.0142677 
 10052.0  0.0142599 
 10054.0  0.0142521 
 10056.0  0.0142443 
 10058.0  0.0142365 
 10060.0  0.0142287 
 10062.0  0.0142209 
 10064.0  0.0142131 
 10066.0  0.0142053 
 10068.0  0.0141975 
 10070.0  0.0141897 
 10072.0   0.014182 
 10074.0  0.0141742 
 10076.0  0.0141665 
 10078.0  0.0141587 
 10080.0   0.014151 
 10082.0  0.0141432 
 10084.0  0.0141355 
 10086.0  0.0141278 
 10088.0  0.0141201 
 10090.0  0.0141123 
 10092.0  0.0141046 
 10094.0  0.0140969 
 10096.0  0.0140892 
 10098.0  0.0140816 
 10100.0  0.0140739 
 10102.0  0.0140662 
 10104.0  0.0140585 
 10106.0  0.0140508 
 10108.0  0.0140432 
 10110.0  0.0140355 
 10112.0  0.0140278 
 10114.0  0.0140202 
 10116.0  0.0140125 
 10118.0  0.0140049 
 10120.0  0.0139972 
 10122.0  0.0139896 
 10124.0   0.013982 
 10126.0  0.0139743 
 10128.0  0.0139667 
 10130.0  0.0139591 
 10132.0  0.0139515 
 10134.0  0.0139439 
 10136.0  0.0139363 
 10138.0  0.0139287 
 10140.0  0.0139211 
 10142.0  0.0139136 
 10144.0   0.013906 
 10146.0  0.0138984 
 10148.0  0.0138909 
 10150.0  0.0138833 
 10152.0  0.0138758 
 10154.0  0.0138682 
 10156.0  0.0138607 
 10158.0  0.0138531 
 10160.0  0.0138456 
 10162.0  0.0138381 
 10164.0  0.0138305 
 10166.0   0.013823 
 10168.0  0.0138155 
 10170.0   0.013808 
 10172.0  0.0138005 
 10174.0   0.013793 
 10176.0  0.0137855 
 10178.0   0.013778 
 10180.0  0.0137705 
 10182.0  0.0137631 
 10184.0  0.0137556 
 10186.0  0.0137481 
 10188.0  0.0137407 
 10190.0  0.0137332 
 10192.0  0.0137258 
 10194.0  0.0137183 
 10196.0  0.0137109 
 10198.0  0.0137035 
 10200.0   0.013696 
 10202.0  0.0136886 
 10204.0  0.0136812 
 10206.0  0.0136737 
 10208.0  0.0136663 
 10210.0  0.0136589 
 10212.0  0.0136515 
 10214.0  0.0136441 
 10216.0  0.0136367 
 10218.0  0.0136293 
 10220.0  0.0136219 
 10222.0  0.0136146 
 10224.0  0.0136072 
 10226.0  0.0135998 
 10228.0  0.0135925 
 10230.0  0.0135851 
 10232.0  0.0135778 
 10234.0  0.0135704 
 10236.0  0.0135631 
 10238.0  0.0135558 
 10240.0  0.0135484 
 10242.0  0.0135411 
 10244.0  0.0135338 
 10246.0  0.0135265 
 10248.0  0.0135192 
 10250.0  0.0135119 
 10252.0  0.0135045 
 10254.0  0.0134972 
 10256.0    0.01349 
 10258.0  0.0134827 
 10260.0  0.0134754 
 10262.0  0.0134681 
 10264.0  0.0134608 
 10266.0  0.0134536 
 10268.0  0.0134463 
 10270.0   0.013439 
 10272.0  0.0134318 
 10274.0  0.0134245 
 10276.0  0.0134173 
 10278.0  0.0134101 
 10280.0  0.0134028 
 10282.0  0.0133956 
 10284.0  0.0133884 
 10286.0  0.0133812 
 10288.0   0.013374 
 10290.0  0.0133668 
 10292.0  0.0133596 
 10294.0  0.0133524 
 10296.0  0.0133451 
 10298.0  0.0133379 
 10300.0  0.0133308 
