  5000.0    -0.0209759 
 5007.11  -0.000459671 
 5014.22    -0.0049903 
 5021.33    -0.0127519 
 5028.45    -0.0150398 
 5035.56  -3.59657e-05 
 5042.67    0.00274201 
 5049.78   -0.00151517 
 5056.89  -0.000562174 
  5064.0    0.00447894 
 5071.12   0.000793426 
 5078.23    -0.0118377 
 5085.34   -0.00574767 
 5092.45   -0.00643333 
 5099.56  -0.000467079 
 5106.67    0.00313338 
 5113.78   -0.00501279 
  5120.9   -0.00345606 
 5128.01   -0.00255548 
 5135.12    0.00214422 
 5142.23    0.00184049 
 5149.34   0.000183983 
 5156.45   -0.00275576 
 5163.56    0.00414428 
 5170.68    0.00437261 
 5177.79    0.00210253 
  5184.9  -0.000749066 
 5192.01   -0.00550028 
 5199.12    0.00236502 
 5206.23    0.00435474 
 5213.35  -0.000869347 
 5220.46   -0.00575129 
 5227.57   -0.00801296 
 5234.68   -0.00517437 
 5241.79   -0.00206955 
  5248.9   -0.00282983 
 5256.01   -0.00395989 
 5263.13   -0.00349606 
 5270.24   -0.00250762 
 5277.35   -0.00236392 
 5284.46   -0.00187421 
 5291.57  -0.000503625 
 5298.68  -0.000112458 
  5305.8     0.0026833 
 5312.91   -0.00188748 
 5320.02   -0.00418973 
 5327.13   -0.00155738 
 5334.24  -9.46242e-05 
 5341.35    0.00417281 
 5348.46   0.000179407 
 5355.58    0.00194585 
 5362.69    0.00220999 
  5369.8    0.00576488 
 5376.91    0.00163179 
 5384.02    0.00123831 
 5391.13    0.00419417 
 5398.24    0.00152919 
 5405.36   -0.00188784 
 5412.47   -0.00476343 
 5419.58   -0.00456639 
 5426.69   -0.00181423 
  5433.8    0.00331709 
 5440.91    0.00151185 
 5448.03   0.000100275 
 5455.14  -5.83717e-05 
 5462.25   0.000627457 
 5469.36    0.00125337 
 5476.47   -0.00164946 
 5483.58    0.00116606 
 5490.69    0.00149208 
 5497.81    0.00405059 
 5504.92   -0.00192957 
 5512.03   -0.00506616 
 5519.14   -0.00156327 
 5526.25    0.00347197 
 5533.36   -0.00198677 
 5540.48   0.000772103 
 5547.59   0.000664127 
  5554.7    -0.0012746 
 5561.81   -0.00261841 
 5568.92   0.000235448 
 5576.03    0.00413377 
 5583.14  -0.000517965 
 5590.26    0.00212134 
 5597.37    0.00770308 
 5604.48    0.00900282 
 5611.59     0.0128455 
  5618.7     0.0178758 
 5625.81     0.0222241 
 5632.92     0.0289497 
 5640.04     0.0338701 
 5647.15      0.042591 
 5654.26     0.0514966 
 5661.37     0.0597767 
 5668.48     0.0682537 
 5675.59      0.081476 
 5682.71     0.0970434 
 5689.82      0.118127 
 5696.93      0.138733 
 5704.04      0.152214 
 5711.15      0.172082 
 5718.26      0.197499 
 5725.37      0.226615 
 5732.49      0.256393 
  5739.6      0.280432 
 5746.71      0.309332 
 5753.82      0.333901 
 5760.93      0.366135 
 5768.04      0.392728 
 5775.16      0.427601 
 5782.27      0.465944 
 5789.38      0.477459 
 5796.49      0.502207 
  5803.6      0.526814 
 5810.71      0.549504 
 5817.82      0.579654 
 5824.94      0.613629 
 5832.05      0.634944 
 5839.16      0.653584 
 5846.27      0.662035 
 5853.38      0.670935 
 5860.49      0.662266 
  5867.6      0.655334 
 5874.72      0.656659 
 5881.83      0.661194 
 5888.94      0.663186 
 5896.05      0.686825 
 5903.16      0.708142 
 5910.27      0.724308 
 5917.39      0.746665 
  5924.5      0.752305 
 5931.61       0.76797 
 5938.72       0.78487 
 5945.83      0.786246 
 5952.94      0.786154 
 5960.05      0.804178 
 5967.17      0.812648 
 5974.28      0.828951 
 5981.39      0.847123 
  5988.5      0.850527 
 5995.61      0.860849 
 6002.72      0.872913 
 6009.84      0.866108 
 6016.95      0.864394 
 6024.06      0.864392 
 6031.17      0.871467 
 6038.28      0.885393 
 6045.39      0.895918 
  6052.5      0.895298 
 6059.62      0.911023 
 6066.73      0.909595 
 6073.84      0.910511 
 6080.95      0.912937 
 6088.06      0.909483 
 6095.17      0.910398 
 6102.28      0.912678 
  6109.4      0.911576 
 6116.51      0.922956 
 6123.62      0.924403 
 6130.73      0.922044 
 6137.84      0.917475 
 6144.95      0.920599 
 6152.07      0.914533 
 6159.18      0.909602 
 6166.29      0.904957 
  6173.4      0.900667 
 6180.51      0.901132 
 6187.62      0.906487 
 6194.73      0.908003 
 6201.85      0.908158 
 6208.96      0.918689 
 6216.07      0.921657 
 6223.18      0.913998 
 6230.29      0.906285 
  6237.4      0.898194 
 6244.52      0.882989 
 6251.63      0.871502 
 6258.74      0.874551 
 6265.85      0.878823 
 6272.96      0.899329 
 6280.07      0.909903 
 6287.18      0.919744 
  6294.3      0.929021 
 6301.41      0.940215 
 6308.52      0.949796 
 6315.63       0.93841 
 6322.74      0.931959 
 6329.85      0.934798 
 6336.97      0.927032 
 6344.08      0.920351 
 6351.19       0.92903 
  6358.3      0.932207 
 6365.41      0.943353 
 6372.52      0.949837 
 6379.63      0.951048 
 6386.75      0.963286 
 6393.86      0.950383 
 6400.97      0.952039 
 6408.08      0.939108 
 6415.19      0.928118 
  6422.3      0.932301 
 6429.41      0.931561 
 6436.53      0.921759 
 6443.64      0.918543 
 6450.75      0.925493 
 6457.86       0.92795 
 6464.97      0.933588 
 6472.08      0.940663 
  6479.2      0.939717 
 6486.31       0.94531 
 6493.42      0.939112 
 6500.53      0.942419 
 6507.64      0.939197 
 6514.75      0.941925 
 6521.86      0.948962 
 6528.98      0.952882 
 6536.09      0.954687 
  6543.2      0.955321 
 6550.31      0.955327 
 6557.42      0.950458 
 6564.53      0.940922 
 6571.65       0.93738 
 6578.76      0.927928 
 6585.87      0.920404 
 6592.98      0.926372 
 6600.09      0.915616 
  6607.2      0.921314 
 6614.31      0.943994 
 6621.43      0.953298 
 6628.54      0.955345 
 6635.65      0.951307 
 6642.76      0.949636 
 6649.87      0.951235 
 6656.98      0.952861 
 6664.09      0.940541 
 6671.21      0.931284 
 6678.32      0.926276 
 6685.43      0.919237 
 6692.54      0.915393 
 6699.65      0.912907 
 6706.76      0.919906 
 6713.88      0.928155 
 6720.99      0.933997 
  6728.1      0.937597 
 6735.21      0.935913 
 6742.32       0.94044 
 6749.43      0.942738 
 6756.54       0.93953 
 6763.66      0.917696 
 6770.77      0.917275 
 6777.88      0.923464 
 6784.99      0.907216 
  6792.1      0.905038 
 6799.21      0.905638 
 6806.33      0.909967 
 6813.44      0.924679 
 6820.55      0.923878 
 6827.66       0.93265 
 6834.77      0.945689 
 6841.88      0.958221 
 6848.99      0.969776 
 6856.11      0.963115 
 6863.22      0.965338 
 6870.33      0.963984 
 6877.44      0.964264 
 6884.55      0.953338 
 6891.66      0.950453 
 6898.77      0.944438 
 6905.89      0.938407 
  6913.0      0.933817 
 6920.11      0.932096 
 6927.22      0.931996 
 6934.33      0.937187 
 6941.44      0.930753 
 6948.56      0.926922 
 6955.67      0.928912 
 6962.78      0.935158 
 6969.89      0.929817 
  6977.0       0.92513 
 6984.11      0.924253 
 6991.22      0.915276 
 6998.34      0.909882 
 7005.45      0.904292 
 7012.56      0.898326 
 7019.67      0.895717 
 7026.78      0.881411 
 7033.89      0.873517 
 7041.01      0.868747 
 7048.12      0.867642 
 7055.23      0.862176 
 7062.34      0.863283 
 7069.45      0.866196 
 7076.56      0.883088 
 7083.67      0.890172 
 7090.79      0.914149 
  7097.9      0.919481 
 7105.01      0.910526 
 7112.12      0.873707 
 7119.23      0.798997 
 7126.34      0.687352 
 7133.45      0.554067 
 7140.57       0.42468 
 7147.68      0.302406 
 7154.79      0.207703 
  7161.9      0.143384 
 7169.01     0.0980152 
 7176.12     0.0665547 
 7183.24     0.0454655 
 7190.35     0.0326598 
 7197.46     0.0235637 
 7204.57     0.0169528 
 7211.68     0.0119523 
 7218.79    0.00953523 
  7225.9    0.00796952 
 7233.02    0.00582185 
 7240.13    0.00487615 
 7247.24    0.00418024 
 7254.35    0.00278103 
 7261.46    0.00225326 
 7268.57    0.00187333 
 7275.69     0.0012436 
  7282.8    0.00104167 
 7289.91   0.000910147 
 7297.02   0.000638738 
 7304.13   0.000199029 
 7311.24    0.00018141 
 7318.35    0.00119291 
 7325.47   0.000417749 
 7332.58   0.000495351 
 7339.69   0.000475634 
  7346.8   0.000344416 
 7353.91  -0.000121513 
 7361.02   0.000491552 
 7368.13   6.55376e-05 
 7375.25  -0.000123578 
 7382.36   0.000158516 
 7389.47   0.000190576 
 7396.58  -0.000132336 
 7403.69    0.00012212 
  7410.8   0.000323848 
 7417.92   0.000166531 
 7425.03   0.000482829 
 7432.14    0.00030286 
 7439.25   0.000433022 
 7446.36   0.000603058 
 7453.47  -0.000160568 
 7460.58    0.00032029 
  7467.7   0.000417868 
 7474.81   0.000167235 
 7481.92   0.000266374 
 7489.03   0.000210215 
 7496.14   7.88917e-05 
 7503.25   0.000280358 
 7510.37    0.00052516 
 7517.48   0.000307358 
 7524.59   0.000358654 
  7531.7  -0.000483041 
 7538.81   0.000206894 
 7545.92   3.71335e-05 
 7553.03   0.000292349 
 7560.15  -9.16398e-05 
 7567.26  -0.000415017 
 7574.37   0.000181406 
 7581.48   2.07216e-05 
 7588.59   0.000315293 
  7595.7   0.000239643 
 7602.81   6.77945e-05 
 7609.93   0.000479462 
 7617.04  -0.000377586 
 7624.15   -0.00074713 
 7631.26  -0.000274594 
 7638.37   -0.00028271 
 7645.48  -0.000547798 
  7652.6  -0.000234673 
 7659.71    0.00050711 
 7666.82   8.83809e-05 
 7673.93   -3.8034e-05 
 7681.04  -2.24241e-05 
 7688.15  -0.000645358 
 7695.26  -0.000455178 
 7702.38   9.25941e-05 
 7709.49   0.000499749 
  7716.6   0.000651242 
 7723.71  -2.44429e-05 
 7730.82  -0.000189288 
 7737.93   5.90725e-05 
 7745.05  -8.55342e-05 
 7752.16  -4.67741e-05 
 7759.27   0.000313532 
 7766.38  -0.000214978 
 7773.49  -0.000626627 
  7780.6  -0.000605266 
 7787.71   0.000124969 
 7794.83   0.000323361 
 7801.94    0.00034556 
 7809.05   0.000312219 
 7816.16   0.000417218 
 7823.27  -0.000378212 
 7830.38  -2.76387e-05 
 7837.49  -0.000417472 
 7844.61  -0.000497448 
 7851.72   0.000273421 
 7858.83   0.000519913 
 7865.94     0.0005425 
 7873.05   0.000409174 
 7880.16   5.21302e-05 
 7887.28  -0.000231863 
 7894.39   -3.2175e-05 
  7901.5  -0.000428526 
 7908.61  -8.39378e-05 
 7915.72   0.000150558 
 7922.83  -0.000123203 
 7929.94   1.73106e-05 
 7937.06    0.00039438 
 7944.17   0.000139259 
 7951.28   0.000312732 
 7958.39  -0.000220393 
  7965.5   0.000474672 
 7972.61  -0.000184861 
 7979.73  -0.000369905 
 7986.84   9.86583e-05 
 7993.95   0.000398995 
 8001.06   7.77018e-05 
 8008.17   9.43686e-05 
 8015.28   5.63373e-05 
 8022.39  -0.000124687 
 8029.51  -0.000317186 
 8036.62    6.7252e-05 
 8043.73   7.00126e-05 
 8050.84  -0.000408123 
 8057.95   -1.9762e-05 
 8065.06   0.000204931 
 8072.17   0.000218644 
 8079.29   0.000169428 
  8086.4   6.33377e-05 
 8093.51   0.000464144 
 8100.62    0.00040043 
 8107.73   0.000225827 
 8114.84   0.000134928 
 8121.96   0.000533252 
 8129.07   0.000906293 
 8136.18   0.000266095 
 8143.29  -0.000270062 
  8150.4  -8.91896e-05 
 8157.51  -7.32641e-05 
 8164.62  -0.000251192 
 8171.74  -0.000102228 
 8178.85  -1.33834e-05 
 8185.96   8.90888e-05 
 8193.07    8.6927e-05 
 8200.18  -0.000111054 
 8207.29   0.000125408 
 8214.41   0.000633744 
 8221.52   0.000123823 
 8228.63   0.000272541 
 8235.74   0.000587758 
 8242.85   0.000442629 
 8249.96   0.000543475 
 8257.07   2.61039e-05 
 8264.19   0.000361704 
  8271.3   0.000179841 
 8278.41   2.87621e-05 
 8285.52   0.000113824 
 8292.63   0.000437216 
 8299.74   0.000175817 
 8306.85  -0.000393282 
 8313.97   -0.00021838 
 8321.08  -8.64057e-06 
 8328.19  -6.37066e-06 
  8335.3   0.000389326 
 8342.41   0.000614438 
 8349.52   0.000421123 
 8356.64   0.000271774 
 8363.75   8.36631e-06 
 8370.86   8.39962e-05 
 8377.97  -2.73439e-05 
 8385.08   0.000140844 
 8392.19  -5.09433e-05 
  8399.3   0.000273536 
 8406.42   0.000160345 
 8413.53   2.22088e-05 
 8420.64   0.000163045 
 8427.75  -0.000484422 
 8434.86  -0.000142109 
 8441.97   0.000561519 
 8449.09   -0.00019676 
  8456.2  -0.000198885 
 8463.31   0.000335873 
 8470.42  -0.000257651 
 8477.53  -9.91586e-05 
 8484.64    -0.0001957 
 8491.75   8.93638e-05 
 8498.87   7.49605e-05 
 8505.98   0.000376648 
 8513.09   0.000691887 
  8520.2   0.000648086 
 8527.31   0.000534022 
 8534.42   0.000137065 
 8541.53   7.53179e-05 
 8548.65   0.000251228 
 8555.76  -8.64237e-05 
 8562.87  -0.000231737 
 8569.98   5.76774e-05 
 8577.09   0.000137034 
  8584.2   0.000292658 
 8591.32   0.000131857 
 8598.43    0.00017225 
 8605.54   0.000277036 
 8612.65  -0.000358046 
 8619.76   -0.00030435 
 8626.87   5.53648e-06 
 8633.98  -0.000354499 
  8641.1  -0.000240961 
 8648.21   1.91321e-05 
 8655.32  -0.000297256 
 8662.43   -0.00019018 
 8669.54    6.7726e-05 
 8676.65   0.000217571 
 8683.77   0.000163856 
 8690.88  -0.000253584 
 8697.99  -1.46175e-05 
  8705.1   0.000155782 
 8712.21  -0.000215993 
 8719.32   3.01896e-05 
 8726.43  -6.26597e-05 
 8733.55   4.62748e-05 
 8740.66   0.000248468 
 8747.77   0.000200569 
 8754.88   0.000300023 
 8761.99   0.000377615 
  8769.1   0.000316981 
 8776.21   0.000267771 
 8783.33  -0.000145188 
 8790.44  -0.000112125 
 8797.55   0.000177564 
 8804.66   1.29525e-05 
 8811.77  -0.000290571 
 8818.88   8.91461e-05 
  8826.0   0.000320869 
 8833.11   8.53696e-06 
 8840.22    0.00062343 
 8847.33   0.000350932 
 8854.44   0.000237537 
 8861.55   0.000470715 
 8868.66   -0.00013934 
 8875.78   0.000100915 
 8882.89  -1.64205e-05 
  8890.0   3.59165e-05 
 8897.11  -0.000261725 
 8904.22  -0.000565183 
 8911.33  -0.000107259 
 8918.45   0.000218996 
 8925.56   8.14472e-05 
 8932.67   8.98783e-05 
 8939.78   0.000299043 
 8946.89   0.000204644 
  8954.0    0.00027747 
 8961.11    0.00031693 
 8968.23   0.000307331 
 8975.34   0.000403432 
 8982.45   0.000137534 
 8989.56   0.000404777 
 8996.67   0.000259284 
 9003.78  -0.000288219 
  9010.9  -0.000157534 
 9018.01    1.6359e-06 
 9025.12   0.000517414 
 9032.23   0.000769103 
 9039.34    0.00129193 
 9046.45   0.000309699 
 9053.56  -5.68835e-05 
 9060.68  -2.91834e-05 
 9067.79   0.000140506 
  9074.9   0.000876327 
 9082.01   0.000852119 
 9089.12   0.000169145 
 9096.23   -0.00063447 
 9103.34   0.000303205 
 9110.46   0.000283295 
 9117.57   -0.00110121 
 9124.68  -0.000450195 
 9131.79   0.000630023 
  9138.9   0.000602777 
 9146.01  -0.000389418 
 9153.13  -0.000113955 
 9160.24   8.02081e-05 
 9167.35  -0.000924249 
 9174.46   -0.00103188 
 9181.57   -0.00083096 
 9188.68  -0.000535255 
 9195.79   0.000122502 
 9202.91   0.000811715 
 9210.02   0.000199039 
 9217.13  -4.94217e-05 
 9224.24   0.000248256 
 9231.35  -2.15497e-06 
 9238.46   8.33628e-05 
 9245.58    0.00040148 
 9252.69   0.000551954 
  9259.8   0.000448387 
 9266.91  -0.000252766 
 9274.02  -0.000599567 
 9281.13   6.41973e-05 
 9288.24   0.000119004 
 9295.36  -0.000722408 
 9302.47  -0.000566497 
 9309.58   0.000259866 
 9316.69  -0.000355517 
  9323.8   1.45311e-05 
 9330.91   0.000190848 
 9338.02   0.000214494 
 9345.14   0.000142682 
 9352.25  -0.000155851 
 9359.36  -0.000188093 
 9366.47  -0.000704045 
 9373.58  -0.000496276 
 9380.69  -0.000447552 
 9387.81   0.000184291 
 9394.92   0.000576679 
 9402.03   0.000571956 
 9409.14   0.000102371 
 9416.25   9.46221e-05 
 9423.36  -0.000216803 
 9430.47   8.22814e-06 
 9437.59   0.000615158 
  9444.7   0.000279425 
 9451.81  -0.000191873 
 9458.92  -0.000492715 
 9466.03   0.000623002 
 9473.14   0.000803901 
 9480.26  -1.95799e-05 
 9487.37   0.000194653 
 9494.48   0.000739198 
 9501.59    0.00095967 
  9508.7   0.000848308 
 9515.81  -0.000110101 
 9522.92  -0.000155774 
 9530.04    0.00051047 
 9537.15  -0.000102633 
 9544.26  -0.000402436 
 9551.37   0.000342298 
 9558.48    0.00132967 
 9565.59   0.000471151 
  9572.7   0.000495032 
 9579.82   0.000750128 
 9586.93   0.000315393 
 9594.04   0.000756515 
 9601.15  -0.000485739 
 9608.26  -0.000765314 
 9615.37  -0.000323611 
 9622.49  -0.000490071 
  9629.6   0.000276829 
 9636.71   0.000987508 
 9643.82   -0.00103668 
 9650.93  -0.000997205 
 9658.04  -0.000284445 
 9665.15   0.000938103 
 9672.27  -0.000230258 
 9679.38   0.000619315 
 9686.49  -0.000478135 
  9693.6  -0.000628884 
 9700.71   3.27395e-05 
 9707.82  -0.000243387 
 9714.94  -0.000256512 
 9722.05  -0.000403179 
 9729.16   0.000852253 
 9736.27  -0.000216382 
 9743.38   -0.00159044 
 9750.49  -0.000629117 
  9757.6  -0.000245578 
 9764.72  -0.000724385 
 9771.83   -0.00117723 
 9778.94   -0.00100087 
 9786.05  -0.000463383 
 9793.16   0.000714174 
 9800.27   0.000646594 
 9807.38   0.000709814 
  9814.5    0.00172259 
 9821.61   0.000662703 
 9828.72   0.000482924 
 9835.83  -0.000828033 
 9842.94  -0.000377286 
 9850.05   0.000154625 
 9857.17  -0.000337459 
 9864.28   -0.00132005 
 9871.39   -0.00105154 
  9878.5   6.95489e-05 
 9885.61    0.00024921 
 9892.72   -0.00129171 
 9899.83  -0.000436345 
 9906.95  -0.000976063 
 9914.06    0.00130017 
 9921.17    0.00121853 
 9928.28    0.00110969 
 9935.39    0.00107416 
  9942.5   8.91972e-05 
 9949.62   0.000363064 
 9956.73  -0.000302037 
 9963.84  -3.75946e-05 
 9970.95   6.16405e-06 
 9978.06  -0.000291508 
 9985.17     0.0019718 
 9992.28    0.00287136 
  9999.4   -0.00128942 
 10006.5   -0.00238221 
 10013.6   0.000967727 
 10020.7   0.000528584 
 10027.8   -0.00108287 
 10035.0   -0.00198328 
 10042.1    0.00103712 
 10049.2   0.000131633 
 10056.3  -0.000177409 
 10063.4    0.00133102 
 10070.5   -0.00114752 
 10077.6   -0.00126044 
 10084.7   -0.00299496 
 10091.8   0.000453113 
 10099.0    -0.0020653 
 10106.1   -0.00185524 
 10113.2    0.00153431 
 10120.3    0.00262506 
 10127.4   -0.00210862 
 10134.5  -0.000365992 
 10141.6   -0.00257835 
 10148.7   -0.00476953 
 10155.8   -0.00304399 
 10163.0    0.00011723 
 10170.1    0.00099246 
 10177.2    0.00281431 
 10184.3    0.00384293 
 10191.4  -0.000272402 
 10198.5  -0.000808486 
 10205.6  -0.000709062 
 10212.7    -0.0012903 
 10219.9   -0.00100923 
 10227.0  -0.000741337 
 10234.1    0.00239069 
 10241.2    0.00270137 
 10248.3    0.00112346 
 10255.4   -0.00035775 
 10262.5    0.00484252 
 10269.6      0.001462 
 10276.7     0.0020946 
 10283.9    0.00337659 
 10291.0   -0.00342457 
 10298.1    -0.0046848 
 10305.2  -0.000483492 
 10312.3  -0.000684831 
 10319.4    -0.0069618 
 10326.5    0.00160946 
 10333.6    0.00526601 
 10340.7   -0.00190974 
 10347.9   -0.00205869 
 10355.0   -0.00760934 
 10362.1   -0.00870086 
 10369.2   -0.00055237 
 10376.3   0.000486054 
 10383.4    0.00737127 
 10390.5    0.00359437 
 10397.6   -0.00420213 
 10404.8    0.00253036 
 10411.9  -0.000892804 
 10419.0    -0.0130308 
 10426.1    -0.0068577 
 10433.2    0.00728219 
 10440.3     0.0105805 
 10447.4     0.0078745 
 10454.5   -0.00558573 
 10461.6    -0.0109314 
 10468.8     0.0147122 
 10475.9     0.0180432 
 10483.0    0.00978028 
 10490.1   -0.00257725 
 10497.2   -0.00946681 
 10504.3  -4.00402e-05 
 10511.4    0.00401292 
 10518.5   -0.00829524 
 10525.6    0.00574493 
 10532.8   -0.00355501 
 10539.9    0.00446977 
 10547.0   -0.00830519 
 10554.1   -0.00117713 
 10561.2     0.0184452 
 10568.3    0.00862581 
 10575.4   -0.00538981 
 10582.5    -0.0158553 
 10589.7   -0.00395292 
 10596.8   -0.00996361 
 10603.9    -0.0129877 
 10611.0    0.00445175 
 10618.1   -0.00494386 
 10625.2    -0.0135552 
 10632.3    -0.0022535 
 10639.4    0.00783411 
 10646.5    -0.0140076 
 10653.7    -0.0214513 
 10660.8     0.0165499 
 10667.9   -0.00392974 
 10675.0    -0.0101683 
 10682.1   -0.00180406 
 10689.2     0.0175427 
 10696.3     0.0144975 
 10703.4     0.0237128 
 10710.5     0.0179906 
 10717.7    0.00418307 
 10724.8    0.00271754 
 10731.9    0.00915969 
 10739.0     0.0336507 
 10746.1     0.0254413 
 10753.2    -0.0223519 
 10760.3   -0.00831336 
 10767.4     0.0129488 
 10774.6    0.00653409 
 10781.7     0.0154504 
 10788.8     0.0300171 
 10795.9   0.000161611 
 10803.0     0.0222987 
 10810.1     0.0427233 
 10817.2  -0.000679779 
 10824.3    0.00755414 
 10831.4      0.005064 
 10838.6    -0.0291325 
 10845.7   -0.00423838 
 10852.8   -0.00162667 
 10859.9    -0.0190116 
 10867.0    -0.0232281 
 10874.1       -0.0304 
 10881.2   -0.00660421 
 10888.3     0.0196217 
 10895.4     0.0587026 
 10902.6   -0.00681387 
 10909.7   -0.00923681 
 10916.8     0.0198916 
 10923.9      0.016028 
 10931.0    -0.0352899 
 10938.1     -0.051362 
 10945.2     -0.013871 
 10952.3     0.0308866 
 10959.5     0.0103986 
 10966.6    -0.0127835 
 10973.7    -0.0132474 
 10980.8   -0.00486617 
 10987.9     0.0338363 
 10995.0     0.0269456 
