  5000.0   -0.00119048 
 5007.11   -0.00989574 
 5014.22   -0.00133859 
 5021.33   -0.00243903 
 5028.45   -0.00435806 
 5035.56   -0.00170449 
 5042.67   -0.00071093 
 5049.78    0.00551996 
 5056.89    0.00760163 
  5064.0    0.00175505 
 5071.12   -0.00164699 
 5078.23    0.00426102 
 5085.34    0.00279466 
 5092.45    -0.0019375 
 5099.56   -0.00495579 
 5106.67   -0.00717372 
 5113.78    0.00481631 
  5120.9   -0.00171568 
 5128.01  -0.000300014 
 5135.12   -0.00126023 
 5142.23   -0.00422659 
 5149.34   0.000631665 
 5156.45   -0.00498724 
 5163.56   -0.00101419 
 5170.68    0.00111857 
 5177.79  -0.000334407 
  5184.9  -0.000115928 
 5192.01   -0.00143245 
 5199.12   4.48629e-05 
 5206.23   -0.00145868 
 5213.35   0.000401659 
 5220.46   -0.00283638 
 5227.57    -0.0010952 
 5234.68   8.67777e-05 
 5241.79    0.00178525 
  5248.9    0.00126187 
 5256.01    0.00190811 
 5263.13   0.000721167 
 5270.24  -0.000675504 
 5277.35  -0.000739844 
 5284.46    -0.0017923 
 5291.57  -0.000207503 
 5298.68    0.00150956 
  5305.8   6.38408e-05 
 5312.91   0.000742694 
 5320.02  -0.000326193 
 5327.13  -0.000795296 
 5334.24   0.000429286 
 5341.35    0.00219112 
 5348.46   -0.00230087 
 5355.58  -0.000767239 
 5362.69   0.000432536 
  5369.8     0.0011383 
 5376.91    0.00436964 
 5384.02   0.000411992 
 5391.13    0.00188726 
 5398.24     0.0040817 
 5405.36   0.000216256 
 5412.47  -0.000597831 
 5419.58   -0.00417963 
 5426.69   -0.00140009 
  5433.8   0.000272243 
 5440.91   0.000428449 
 5448.03  -0.000397886 
 5455.14   -0.00112784 
 5462.25   0.000947203 
 5469.36   7.07442e-05 
 5476.47   0.000835112 
 5483.58   0.000859749 
 5490.69    0.00327934 
 5497.81   -0.00078403 
 5504.92  -0.000968538 
 5512.03  -0.000373195 
 5519.14  -0.000532326 
 5526.25   -0.00043179 
 5533.36   -0.00119968 
 5540.48  -0.000240383 
 5547.59    0.00038632 
  5554.7    0.00149975 
 5561.81  -9.09585e-05 
 5568.92    0.00164215 
 5576.03    0.00224252 
 5583.14    0.00342765 
 5590.26    0.00312598 
 5597.37    0.00511553 
 5604.48    0.00950574 
 5611.59     0.0135936 
  5618.7     0.0171935 
 5625.81      0.023196 
 5632.92     0.0354739 
 5640.04     0.0447126 
 5647.15     0.0559697 
 5654.26     0.0738485 
 5661.37     0.0897779 
 5668.48      0.107782 
 5675.59      0.130285 
 5682.71      0.152172 
 5689.82      0.175655 
 5696.93      0.194357 
 5704.04      0.222824 
 5711.15      0.253637 
 5718.26      0.283037 
 5725.37      0.317249 
 5732.49      0.340223 
  5739.6      0.368763 
 5746.71        0.3939 
 5753.82      0.419788 
 5760.93      0.447992 
 5768.04       0.47706 
 5775.16      0.503624 
 5782.27      0.529507 
 5789.38      0.549764 
 5796.49      0.570748 
  5803.6      0.601213 
 5810.71      0.623357 
 5817.82      0.639465 
 5824.94      0.656213 
 5832.05       0.66774 
 5839.16      0.675681 
 5846.27      0.684114 
 5853.38       0.69478 
 5860.49      0.714427 
  5867.6      0.731127 
 5874.72       0.73964 
 5881.83       0.75418 
 5888.94        0.7581 
 5896.05      0.761742 
 5903.16      0.770409 
 5910.27      0.775331 
 5917.39      0.774929 
  5924.5      0.778586 
 5931.61      0.792029 
 5938.72       0.80738 
 5945.83      0.825639 
 5952.94      0.829242 
 5960.05      0.832746 
 5967.17      0.839787 
 5974.28      0.836742 
 5981.39      0.838126 
  5988.5      0.847064 
 5995.61      0.852852 
 6002.72      0.859998 
 6009.84      0.871522 
 6016.95       0.88453 
 6024.06      0.885281 
 6031.17      0.888065 
 6038.28      0.894503 
 6045.39      0.892977 
  6052.5      0.885443 
 6059.62      0.880346 
 6066.73      0.881208 
 6073.84        0.8809 
 6080.95      0.892488 
 6088.06      0.892587 
 6095.17      0.901527 
 6102.28      0.898077 
  6109.4      0.901982 
 6116.51      0.904153 
 6123.62      0.896393 
 6130.73       0.88872 
 6137.84      0.878833 
 6144.95      0.882017 
 6152.07       0.87533 
 6159.18      0.880268 
 6166.29       0.88995 
  6173.4      0.892737 
 6180.51      0.907473 
 6187.62       0.90802 
 6194.73      0.913914 
 6201.85      0.916022 
 6208.96      0.918221 
 6216.07      0.919142 
 6223.18      0.922921 
 6230.29       0.91993 
  6237.4      0.916779 
 6244.52      0.921872 
 6251.63      0.924072 
 6258.74      0.921657 
 6265.85      0.927372 
 6272.96      0.926192 
 6280.07      0.915872 
 6287.18      0.919598 
  6294.3      0.915441 
 6301.41      0.904977 
 6308.52      0.911861 
 6315.63      0.910072 
 6322.74      0.909892 
 6329.85      0.911292 
 6336.97       0.91805 
 6344.08      0.911094 
 6351.19      0.916434 
  6358.3      0.919514 
 6365.41      0.919553 
 6372.52      0.917221 
 6379.63      0.916031 
 6386.75      0.914176 
 6393.86      0.912048 
 6400.97      0.916962 
 6408.08      0.919412 
 6415.19      0.923931 
  6422.3      0.927329 
 6429.41      0.932673 
 6436.53      0.932723 
 6443.64      0.930188 
 6450.75      0.928319 
 6457.86       0.92138 
 6464.97      0.921918 
 6472.08      0.913352 
  6479.2      0.910388 
 6486.31      0.913048 
 6493.42      0.913619 
 6500.53      0.909961 
 6507.64      0.905433 
 6514.75      0.909334 
 6521.86      0.916436 
 6528.98      0.924835 
 6536.09      0.932729 
  6543.2      0.940787 
 6550.31      0.933897 
 6557.42      0.925253 
 6564.53      0.929004 
 6571.65      0.932329 
 6578.76      0.924923 
 6585.87      0.919953 
 6592.98      0.918431 
 6600.09      0.922149 
  6607.2      0.922805 
 6614.31      0.924082 
 6621.43      0.926235 
 6628.54      0.919052 
 6635.65      0.922952 
 6642.76      0.931513 
 6649.87      0.924103 
 6656.98      0.921172 
 6664.09      0.917037 
 6671.21      0.907001 
 6678.32      0.899068 
 6685.43      0.899118 
 6692.54      0.901883 
 6699.65      0.911648 
 6706.76      0.920352 
 6713.88      0.923563 
 6720.99      0.927828 
  6728.1      0.929517 
 6735.21       0.92887 
 6742.32      0.932128 
 6749.43      0.919681 
 6756.54      0.910497 
 6763.66      0.904501 
 6770.77      0.897727 
 6777.88      0.892148 
 6784.99      0.889557 
  6792.1      0.896383 
 6799.21      0.896617 
 6806.33      0.902457 
 6813.44      0.918768 
 6820.55      0.916532 
 6827.66      0.928095 
 6834.77      0.928412 
 6841.88      0.926881 
 6848.99      0.931415 
 6856.11      0.923898 
 6863.22      0.919148 
 6870.33      0.915476 
 6877.44      0.910968 
 6884.55      0.907741 
 6891.66       0.91397 
 6898.77      0.922328 
 6905.89      0.923976 
  6913.0      0.924267 
 6920.11      0.931672 
 6927.22      0.927991 
 6934.33      0.928519 
 6941.44      0.917091 
 6948.56      0.912412 
 6955.67      0.892831 
 6962.78      0.885218 
 6969.89      0.878703 
  6977.0      0.862301 
 6984.11      0.847862 
 6991.22      0.847625 
 6998.34      0.846202 
 7005.45      0.844565 
 7012.56      0.844861 
 7019.67      0.843505 
 7026.78      0.843332 
 7033.89      0.837182 
 7041.01      0.836223 
 7048.12      0.839298 
 7055.23      0.841299 
 7062.34      0.840343 
 7069.45      0.845353 
 7076.56      0.838257 
 7083.67      0.830579 
 7090.79      0.811651 
  7097.9      0.764871 
 7105.01      0.692745 
 7112.12      0.597917 
 7119.23      0.488148 
 7126.34      0.376131 
 7133.45       0.27353 
 7140.57      0.193237 
 7147.68      0.132445 
 7154.79     0.0915582 
  7161.9     0.0629789 
 7169.01     0.0428597 
 7176.12     0.0303297 
 7183.24     0.0214121 
 7190.35      0.015792 
 7197.46     0.0116645 
 7204.57    0.00854872 
 7211.68    0.00665818 
 7218.79    0.00423684 
  7225.9    0.00331379 
 7233.02     0.0031022 
 7240.13    0.00197468 
 7247.24    0.00206206 
 7254.35     0.0015583 
 7261.46   0.000852827 
 7268.57   0.000732854 
 7275.69   0.000444092 
  7282.8   0.000575245 
 7289.91     0.0005652 
 7297.02  -0.000103152 
 7304.13  -0.000194443 
 7311.24  -8.54055e-05 
 7318.35   5.06157e-06 
 7325.47   6.47498e-06 
 7332.58  -4.28758e-05 
 7339.69  -0.000291588 
  7346.8  -0.000246341 
 7353.91  -0.000142104 
 7361.02  -0.000171464 
 7368.13  -7.76375e-05 
 7375.25  -0.000225613 
 7382.36  -7.55161e-05 
 7389.47  -1.41023e-05 
 7396.58   2.82756e-05 
 7403.69    0.00023517 
  7410.8    3.6602e-05 
 7417.92   0.000192015 
 7425.03   6.11733e-05 
 7432.14  -0.000383278 
 7439.25  -7.67745e-05 
 7446.36   0.000334014 
 7453.47   0.000111422 
 7460.58  -0.000333185 
  7467.7  -0.000606051 
 7474.81  -0.000124207 
 7481.92   0.000472797 
 7489.03   0.000426357 
 7496.14  -0.000316541 
 7503.25  -0.000321121 
 7510.37  -0.000135651 
 7517.48   0.000352725 
 7524.59   0.000293292 
  7531.7   1.90187e-06 
 7538.81   0.000362639 
 7545.92   0.000106196 
 7553.03   -5.8243e-05 
 7560.15  -8.06406e-05 
 7567.26  -0.000269531 
 7574.37   -4.3049e-05 
 7581.48   6.53046e-05 
 7588.59  -0.000363733 
  7595.7  -0.000434624 
 7602.81   3.61569e-05 
 7609.93  -0.000114055 
 7617.04  -0.000754839 
 7624.15  -0.000431721 
 7631.26   0.000206077 
 7638.37   0.000194111 
 7645.48  -3.03302e-05 
  7652.6   0.000237218 
 7659.71   0.000125997 
 7666.82  -0.000224859 
 7673.93  -6.00876e-05 
 7681.04   0.000593533 
 7688.15   0.000337402 
 7695.26   2.24644e-05 
 7702.38   4.07734e-05 
 7709.49   3.11688e-06 
  7716.6  -0.000230858 
 7723.71  -0.000412866 
 7730.82  -0.000134521 
 7737.93  -0.000115239 
 7745.05   0.000125538 
 7752.16   0.000583003 
 7759.27   0.000136568 
 7766.38   2.58307e-05 
 7773.49   0.000132294 
  7780.6  -4.60162e-05 
 7787.71  -0.000148237 
 7794.83  -0.000319371 
 7801.94  -3.43503e-05 
 7809.05  -5.78407e-05 
 7816.16  -2.65583e-05 
 7823.27   0.000218055 
 7830.38   0.000174788 
 7837.49   0.000235485 
 7844.61   7.24569e-06 
 7851.72  -0.000288453 
 7858.83  -0.000159065 
 7865.94   0.000219171 
 7873.05   0.000558465 
 7880.16   0.000408706 
 7887.28   3.16077e-05 
 7894.39  -0.000139013 
  7901.5  -0.000214293 
 7908.61  -4.32914e-05 
 7915.72   0.000116283 
 7922.83   0.000152448 
 7929.94  -0.000160702 
 7937.06   2.05796e-05 
 7944.17   0.000175638 
 7951.28  -0.000193731 
 7958.39  -0.000129637 
  7965.5  -0.000108518 
 7972.61   -0.00020436 
 7979.73  -8.35016e-05 
 7986.84  -5.34134e-05 
 7993.95   8.69634e-05 
 8001.06   0.000119784 
 8008.17   7.70233e-05 
 8015.28   -6.5218e-05 
 8022.39  -0.000138472 
 8029.51   0.000116233 
 8036.62   2.66297e-05 
 8043.73   0.000243198 
 8050.84    0.00046541 
 8057.95   0.000377133 
 8065.06  -0.000210334 
 8072.17  -8.46332e-05 
 8079.29   0.000296288 
  8086.4  -0.000264331 
 8093.51   4.98519e-05 
 8100.62   0.000226061 
 8107.73  -0.000109812 
 8114.84  -0.000102172 
 8121.96    7.6359e-05 
 8129.07   0.000214837 
 8136.18   0.000134198 
 8143.29   0.000253224 
  8150.4   0.000549426 
 8157.51   1.98905e-05 
 8164.62  -5.85758e-05 
 8171.74  -0.000193616 
 8178.85   -0.00012474 
 8185.96   5.28053e-06 
 8193.07  -6.51185e-05 
 8200.18  -0.000334519 
 8207.29   0.000157585 
 8214.41   0.000171463 
 8221.52   0.000238631 
 8228.63   0.000413473 
 8235.74   0.000249426 
 8242.85  -0.000137018 
 8249.96  -6.99165e-05 
 8257.07   -0.00016396 
 8264.19  -0.000445819 
  8271.3  -0.000178982 
 8278.41   8.35759e-05 
 8285.52   8.32342e-05 
 8292.63  -7.34252e-05 
 8299.74   0.000109448 
 8306.85   0.000238176 
 8313.97   0.000164984 
 8321.08  -0.000190455 
 8328.19  -0.000268875 
  8335.3   0.000147935 
 8342.41  -0.000224136 
 8349.52  -0.000130273 
 8356.64   5.16087e-05 
 8363.75   2.96435e-05 
 8370.86  -8.99553e-05 
 8377.97  -0.000408802 
 8385.08   -0.00012898 
 8392.19   2.13829e-06 
  8399.3   4.43582e-05 
 8406.42   9.99016e-05 
 8413.53   0.000324971 
 8420.64   0.000157585 
 8427.75   0.000293237 
 8434.86  -0.000189196 
 8441.97   0.000144401 
 8449.09   0.000244308 
  8456.2   0.000227369 
 8463.31  -5.10899e-05 
 8470.42  -0.000217818 
 8477.53   -0.00031937 
 8484.64  -6.90357e-05 
 8491.75   0.000354404 
 8498.87   0.000245662 
 8505.98   0.000110202 
 8513.09  -0.000171707 
  8520.2  -7.21125e-05 
 8527.31   3.06856e-05 
 8534.42   0.000166554 
 8541.53   0.000128106 
 8548.65  -0.000293149 
 8555.76  -0.000375339 
 8562.87   2.63028e-05 
 8569.98   4.99728e-05 
 8577.09    0.00018244 
  8584.2   0.000242446 
 8591.32   0.000220812 
 8598.43   0.000256048 
 8605.54   0.000182084 
 8612.65   2.10414e-07 
 8619.76   0.000229385 
 8626.87  -0.000106573 
 8633.98  -0.000127719 
  8641.1   0.000215852 
 8648.21    0.00013525 
 8655.32   0.000135719 
 8662.43   0.000167186 
 8669.54   6.31228e-05 
 8676.65   6.48422e-05 
 8683.77   0.000178052 
 8690.88   2.45575e-05 
 8697.99   0.000376315 
  8705.1   0.000526107 
 8712.21   0.000143894 
 8719.32  -0.000135567 
 8726.43   0.000110053 
 8733.55   0.000264545 
 8740.66  -0.000138326 
 8747.77  -0.000288899 
 8754.88   0.000142106 
 8761.99   2.12781e-06 
  8769.1  -0.000366406 
 8776.21  -0.000106675 
 8783.33  -0.000391567 
 8790.44   0.000181825 
 8797.55   5.78915e-05 
 8804.66    0.00026196 
 8811.77  -0.000134297 
 8818.88  -8.17209e-05 
  8826.0  -7.54401e-05 
 8833.11  -0.000419554 
 8840.22   0.000315773 
 8847.33   0.000462768 
 8854.44   4.15001e-05 
 8861.55  -0.000291179 
 8868.66   0.000101084 
 8875.78   0.000511274 
 8882.89  -7.54112e-05 
  8890.0  -0.000491639 
 8897.11  -0.000289559 
 8904.22  -4.97645e-06 
 8911.33  -0.000128314 
 8918.45   0.000208268 
 8925.56   8.58916e-05 
 8932.67   0.000200366 
 8939.78   5.44774e-05 
 8946.89   5.94828e-05 
  8954.0   -0.00016712 
 8961.11  -0.000103402 
 8968.23  -0.000288779 
 8975.34   6.96832e-06 
 8982.45   0.000538925 
 8989.56   0.000175885 
 8996.67   0.000336475 
 9003.78   0.000588776 
  9010.9  -4.90227e-05 
 9018.01  -0.000212263 
 9025.12   0.000125584 
 9032.23   0.000459479 
 9039.34   0.000198679 
 9046.45   2.65956e-06 
 9053.56  -0.000188536 
 9060.68   0.000120748 
 9067.79   8.78488e-05 
  9074.9  -0.000458014 
 9082.01  -8.79437e-05 
 9089.12   0.000174922 
 9096.23    0.00026695 
 9103.34  -4.02288e-05 
 9110.46  -0.000131417 
 9117.57  -0.000297465 
 9124.68  -0.000299582 
 9131.79  -0.000325617 
  9138.9  -0.000582199 
 9146.01   0.000299816 
 9153.13   0.000181026 
 9160.24   0.000161881 
 9167.35   0.000110187 
 9174.46  -3.03022e-05 
 9181.57   8.38671e-06 
 9188.68  -0.000194113 
 9195.79  -0.000162886 
 9202.91  -0.000341532 
 9210.02  -0.000630077 
 9217.13   0.000305402 
 9224.24   7.56707e-05 
 9231.35  -0.000307654 
 9238.46   0.000160441 
 9245.58   7.86888e-05 
 9252.69   0.000238852 
  9259.8   0.000372095 
 9266.91  -0.000138443 
 9274.02   -0.00065858 
 9281.13  -5.36842e-05 
 9288.24  -0.000312584 
 9295.36  -0.000406197 
 9302.47   0.000549323 
 9309.58   0.000461752 
 9316.69   0.000260591 
  9323.8   0.000209464 
 9330.91  -3.94662e-05 
 9338.02  -0.000581042 
 9345.14  -0.000151729 
 9352.25   2.71655e-05 
 9359.36  -8.34226e-05 
 9366.47   0.000250521 
 9373.58   4.05609e-05 
 9380.69   0.000134351 
 9387.81   0.000137315 
 9394.92  -0.000264728 
 9402.03  -0.000206153 
 9409.14   0.000466504 
 9416.25   0.000663647 
 9423.36   6.26103e-05 
 9430.47   0.000614618 
 9437.59   0.000644596 
  9444.7  -0.000337338 
 9451.81  -0.000507234 
 9458.92   0.000235203 
 9466.03   0.000406364 
 9473.14  -0.000233478 
 9480.26  -0.000185041 
 9487.37   0.000709666 
 9494.48   0.000817375 
 9501.59   5.70073e-05 
  9508.7    -0.0004225 
 9515.81  -0.000246538 
 9522.92    0.00023745 
 9530.04   0.000674653 
 9537.15   0.000352058 
 9544.26  -0.000287843 
 9551.37   5.72854e-05 
 9558.48   0.000661344 
 9565.59   0.000145147 
  9572.7   0.000339649 
 9579.82   0.000395661 
 9586.93   0.000115623 
 9594.04  -3.43977e-05 
 9601.15  -0.000246938 
 9608.26  -0.000166639 
 9615.37  -0.000569303 
 9622.49  -4.12782e-05 
  9629.6   0.000296069 
 9636.71   0.000312542 
 9643.82   0.000244047 
 9650.93  -0.000478234 
 9658.04  -0.000450601 
 9665.15   0.000338245 
 9672.27   -0.00017028 
 9679.38   -0.00110987 
 9686.49  -0.000828209 
  9693.6  -0.000125087 
 9700.71   0.000421433 
 9707.82   0.000528441 
 9714.94   0.000387617 
 9722.05  -0.000112487 
 9729.16  -0.000331242 
 9736.27   0.000231781 
 9743.38   -0.00105359 
 9750.49  -0.000401976 
  9757.6   8.94142e-06 
 9764.72   0.000105849 
 9771.83   0.000170035 
 9778.94   0.000797626 
 9786.05   0.000887611 
 9793.16  -0.000775709 
 9800.27   -0.00029281 
 9807.38  -0.000924594 
  9814.5   0.000883318 
 9821.61   0.000343491 
 9828.72    -0.0010114 
 9835.83   6.10472e-05 
 9842.94  -0.000422029 
 9850.05   2.64705e-06 
 9857.17    0.00142073 
 9864.28  -0.000589902 
 9871.39   -0.00102031 
  9878.5  -0.000275912 
 9885.61   0.000719558 
 9892.72   0.000667036 
 9899.83  -0.000218972 
 9906.95  -0.000517253 
 9914.06    0.00192338 
 9921.17    0.00276582 
 9928.28  -2.99878e-05 
 9935.39   1.91375e-05 
  9942.5   0.000830142 
 9949.62  -0.000381904 
 9956.73  -7.40927e-06 
 9963.84   0.000621473 
 9970.95   -0.00031406 
 9978.06  -0.000932092 
 9985.17   0.000695121 
 9992.28    0.00111861 
  9999.4   0.000979586 
 10006.5    0.00105139 
 10013.6   -0.00188451 
 10020.7  -0.000344088 
 10027.8    0.00122137 
 10035.0    0.00320338 
 10042.1  -0.000236183 
 10049.2   0.000724981 
 10056.3   0.000739423 
 10063.4  -0.000569792 
 10070.5     0.0021706 
 10077.6    0.00272266 
 10084.7   -0.00168294 
 10091.8   -0.00243723 
 10099.0  -0.000495341 
 10106.1   -0.00243799 
 10113.2   -0.00124106 
 10120.3    0.00287042 
 10127.4    0.00345988 
 10134.5    0.00194097 
 10141.6   0.000357971 
 10148.7   -0.00112973 
 10155.8   0.000540933 
 10163.0    0.00247566 
 10170.1    0.00130942 
 10177.2  -0.000100272 
 10184.3   0.000629783 
 10191.4     0.0043299 
 10198.5    0.00284056 
 10205.6    0.00072037 
 10212.7    0.00482491 
 10219.9     0.0019906 
 10227.0      0.003225 
 10234.1    0.00433755 
 10241.2   3.09459e-05 
 10248.3   9.93181e-05 
 10255.4   -0.00120265 
 10262.5  -0.000272605 
 10269.6   -0.00124795 
 10276.7    0.00705828 
 10283.9   -0.00540018 
 10291.0   -0.00299265 
 10298.1   -0.00142499 
 10305.2   -0.00147583 
 10312.3   -0.00429604 
 10319.4  -0.000831496 
 10326.5  -0.000219541 
 10333.6    0.00525002 
 10340.7    0.00345328 
 10347.9   -0.00308991 
 10355.0   -0.00206729 
 10362.1     0.0034361 
 10369.2    0.00589274 
 10376.3   -0.00716523 
 10383.4     -0.014085 
 10390.5    0.00643298 
 10397.6    0.00914181 
 10404.8    -0.0060926 
 10411.9     0.0108012 
 10419.0     0.0108425 
 10426.1   -0.00382038 
 10433.2     0.0100724 
 10440.3   0.000508611 
 10447.4   -0.00646183 
 10454.5   0.000714243 
 10461.6      0.011323 
 10468.8   -0.00277072 
 10475.9   -0.00160961 
 10483.0   0.000244652 
 10490.1   -0.00409457 
 10497.2   -0.00110988 
 10504.3    0.00953835 
 10511.4    -0.0011448 
 10518.5     0.0064096 
 10525.6    0.00251244 
 10532.8   -0.00628638 
 10539.9    0.00394975 
 10547.0    0.00889982 
 10554.1     0.0137288 
 10561.2  -0.000640155 
 10568.3   -0.00873957 
 10575.4    0.00335796 
 10582.5     0.0103874 
 10589.7    -0.0105215 
 10596.8   -0.00455209 
 10603.9   -0.00432577 
 10611.0   -0.00537188 
 10618.1     0.0174926 
 10625.2     0.0257111 
 10632.3       0.01519 
 10639.4    0.00869227 
 10646.5    0.00511885 
 10653.7    -0.0170117 
 10660.8   -0.00959798 
 10667.9    0.00497052 
 10675.0    0.00447653 
 10682.1   0.000978797 
 10689.2   -0.00387101 
 10696.3    -0.0167362 
 10703.4    -0.0145035 
 10710.5   -0.00749702 
 10717.7   -0.00832433 
 10724.8   -0.00499127 
 10731.9   0.000112871 
 10739.0    -0.0208876 
 10746.1     0.0211458 
 10753.2     0.0426481 
 10760.3     0.0394078 
 10767.4    0.00794446 
 10774.6   -0.00508116 
 10781.7     0.0124895 
 10788.8    0.00668017 
 10795.9     0.0132722 
 10803.0     0.0219063 
 10810.1    0.00476404 
 10817.2     0.0023425 
 10824.3   0.000613767 
 10831.4   -0.00171818 
 10838.6    0.00514889 
 10845.7  -0.000563219 
 10852.8   -0.00162778 
 10859.9    0.00216293 
 10867.0    0.00602929 
 10874.1    -0.0056938 
 10881.2   -0.00834014 
 10888.3    -0.0279267 
 10895.4    -0.0213005 
 10902.6    0.00516649 
 10909.7   -0.00911713 
 10916.8    -0.0417724 
 10923.9     0.0254118 
 10931.0     0.0157067 
 10938.1    0.00258292 
 10945.2      0.014717 
 10952.3     -0.017106 
 10959.5     0.0287302 
 10966.6     0.0383341 
 10973.7   -0.00283058 
 10980.8     0.0103833 
 10987.9     0.0240982 
 10995.0     0.0419398 
