  5000.0    0.00429703 
 5007.11  -0.000425877 
 5014.22    0.00240067 
 5021.33   -0.00163446 
 5028.45    0.00507669 
 5035.56    0.00272815 
 5042.67    0.00321636 
 5049.78    0.00843953 
 5056.89  -0.000876268 
  5064.0   -0.00183053 
 5071.12     0.0034561 
 5078.23    0.00710871 
 5085.34   -0.00102571 
 5092.45    0.00395296 
 5099.56    0.00535272 
 5106.67      0.002784 
 5113.78  -0.000366388 
  5120.9  -0.000138046 
 5128.01   -0.00678957 
 5135.12  -0.000745734 
 5142.23   0.000698224 
 5149.34    0.00459054 
 5156.45    0.00094426 
 5163.56    0.00263336 
 5170.68  -9.00393e-05 
 5177.79    0.00722436 
  5184.9   0.000820898 
 5192.01    0.00398184 
 5199.12   -0.00152688 
 5206.23    0.00679284 
 5213.35   -0.00398911 
 5220.46   -0.00168481 
 5227.57  -0.000247081 
 5234.68   -0.00615639 
 5241.79  -0.000896064 
  5248.9   -0.00329235 
 5256.01    0.00639398 
 5263.13   -0.00277059 
 5270.24  -0.000289713 
 5277.35    0.00286823 
 5284.46    0.00126774 
 5291.57    0.00465967 
 5298.68  -0.000195306 
  5305.8   -0.00310576 
 5312.91   -0.00161759 
 5320.02   0.000405545 
 5327.13    0.00513833 
 5334.24    0.00311948 
 5341.35   -0.00189669 
 5348.46   -0.00476963 
 5355.58   -0.00153196 
 5362.69  -0.000843389 
  5369.8   0.000541503 
 5376.91    0.00204288 
 5384.02  -0.000258189 
 5391.13    0.00163675 
 5398.24  -0.000249758 
 5405.36    0.00364055 
 5412.47   -0.00152027 
 5419.58   -0.00444968 
 5426.69   -0.00032529 
  5433.8  -0.000124772 
 5440.91    0.00168057 
 5448.03   -0.00124989 
 5455.14    0.00313881 
 5462.25    0.00463334 
 5469.36   0.000772669 
 5476.47    0.00088045 
 5483.58     0.0016839 
 5490.69  -0.000444863 
 5497.81   -0.00474095 
 5504.92   -0.00058856 
 5512.03   0.000779324 
 5519.14   0.000778238 
 5526.25   -0.00181191 
 5533.36   -0.00104552 
 5540.48  -0.000699415 
 5547.59   0.000196295 
  5554.7   0.000828097 
 5561.81    0.00186426 
 5568.92     0.0028485 
 5576.03    0.00172766 
 5583.14  -0.000964015 
 5590.26   0.000295427 
 5597.37    0.00177362 
 5604.48   -0.00111645 
 5611.59   0.000738113 
  5618.7    0.00537202 
 5625.81    0.00888101 
 5632.92    0.00883192 
 5640.04     0.0121315 
 5647.15      0.013465 
 5654.26     0.0205983 
 5661.37     0.0320926 
 5668.48     0.0395432 
 5675.59     0.0492642 
 5682.71     0.0634711 
 5689.82     0.0848872 
 5696.93      0.106816 
 5704.04      0.127212 
 5711.15      0.157223 
 5718.26      0.180682 
 5725.37      0.208616 
 5732.49      0.236368 
  5739.6      0.267977 
 5746.71       0.29924 
 5753.82      0.323289 
 5760.93      0.345805 
 5768.04       0.36686 
 5775.16      0.385768 
 5782.27       0.39941 
 5789.38      0.411488 
 5796.49      0.420697 
  5803.6      0.432802 
 5810.71      0.444632 
 5817.82      0.461742 
 5824.94      0.486501 
 5832.05      0.509079 
 5839.16      0.547242 
 5846.27      0.582681 
 5853.38      0.614621 
 5860.49      0.649825 
  5867.6       0.67724 
 5874.72      0.704739 
 5881.83      0.721655 
 5888.94       0.73638 
 5896.05      0.743778 
 5903.16      0.743786 
 5910.27      0.741351 
 5917.39      0.736788 
  5924.5      0.723915 
 5931.61      0.701122 
 5938.72      0.697639 
 5945.83      0.692298 
 5952.94      0.695839 
 5960.05      0.708171 
 5967.17      0.718997 
 5974.28      0.743352 
 5981.39      0.773331 
  5988.5      0.797454 
 5995.61      0.814957 
 6002.72       0.84241 
 6009.84      0.851584 
 6016.95      0.861981 
 6024.06      0.873032 
 6031.17      0.887324 
 6038.28      0.891062 
 6045.39      0.890701 
  6052.5      0.886686 
 6059.62       0.89312 
 6066.73      0.880785 
 6073.84      0.867313 
 6080.95      0.860876 
 6088.06      0.861982 
 6095.17      0.857668 
 6102.28      0.854366 
  6109.4      0.864173 
 6116.51      0.868107 
 6123.62      0.875844 
 6130.73       0.88725 
 6137.84      0.900303 
 6144.95      0.895329 
 6152.07      0.904088 
 6159.18      0.909423 
 6166.29      0.904962 
  6173.4      0.906002 
 6180.51      0.915662 
 6187.62      0.915625 
 6194.73      0.909802 
 6201.85      0.917077 
 6208.96      0.928116 
 6216.07      0.927035 
 6223.18      0.931445 
 6230.29      0.922293 
  6237.4      0.926272 
 6244.52      0.927798 
 6251.63      0.919442 
 6258.74      0.919624 
 6265.85      0.917506 
 6272.96      0.925338 
 6280.07      0.933208 
 6287.18      0.936771 
  6294.3      0.921102 
 6301.41      0.915005 
 6308.52      0.906123 
 6315.63      0.899285 
 6322.74       0.88953 
 6329.85      0.879317 
 6336.97      0.877188 
 6344.08      0.879314 
 6351.19      0.887977 
  6358.3      0.891191 
 6365.41      0.902257 
 6372.52       0.91436 
 6379.63      0.928289 
 6386.75      0.928754 
 6393.86      0.939504 
 6400.97      0.938649 
 6408.08      0.935147 
 6415.19      0.924294 
  6422.3      0.921806 
 6429.41      0.924545 
 6436.53      0.925918 
 6443.64      0.908524 
 6450.75      0.902745 
 6457.86      0.897955 
 6464.97      0.875213 
 6472.08      0.861083 
  6479.2      0.854948 
 6486.31      0.839222 
 6493.42      0.831575 
 6500.53      0.823488 
 6507.64      0.825642 
 6514.75      0.834864 
 6521.86      0.841728 
 6528.98      0.854573 
 6536.09      0.869353 
  6543.2       0.89195 
 6550.31      0.907055 
 6557.42      0.912327 
 6564.53       0.92117 
 6571.65      0.931219 
 6578.76      0.932025 
 6585.87      0.929807 
 6592.98      0.924302 
 6600.09      0.924902 
  6607.2      0.927223 
 6614.31      0.915657 
 6621.43      0.908239 
 6628.54      0.898547 
 6635.65      0.889238 
 6642.76      0.878997 
 6649.87      0.869189 
 6656.98      0.863048 
 6664.09      0.859516 
 6671.21      0.858407 
 6678.32      0.855997 
 6685.43      0.858756 
 6692.54      0.866761 
 6699.65      0.871167 
 6706.76      0.890759 
 6713.88      0.895303 
 6720.99      0.906974 
  6728.1      0.910191 
 6735.21      0.916923 
 6742.32      0.911458 
 6749.43      0.906055 
 6756.54      0.899842 
 6763.66      0.897543 
 6770.77      0.897073 
 6777.88      0.886252 
 6784.99      0.880671 
  6792.1      0.876659 
 6799.21      0.871142 
 6806.33      0.879022 
 6813.44      0.882342 
 6820.55      0.880181 
 6827.66      0.890018 
 6834.77      0.884296 
 6841.88      0.888098 
 6848.99      0.893122 
 6856.11       0.89538 
 6863.22      0.900527 
 6870.33      0.910316 
 6877.44       0.91927 
 6884.55      0.921698 
 6891.66      0.922289 
 6898.77      0.927836 
 6905.89      0.933414 
  6913.0      0.936496 
 6920.11      0.932307 
 6927.22      0.923958 
 6934.33      0.918269 
 6941.44      0.914627 
 6948.56      0.903443 
 6955.67      0.892811 
 6962.78      0.887641 
 6969.89      0.878213 
  6977.0      0.875365 
 6984.11      0.864266 
 6991.22      0.852691 
 6998.34      0.847759 
 7005.45      0.845734 
 7012.56      0.839929 
 7019.67      0.835833 
 7026.78      0.831284 
 7033.89      0.834332 
 7041.01      0.839069 
 7048.12      0.832324 
 7055.23      0.829198 
 7062.34      0.833515 
 7069.45      0.845638 
 7076.56      0.848862 
 7083.67      0.844658 
 7090.79      0.844519 
  7097.9      0.846191 
 7105.01      0.837865 
 7112.12      0.804068 
 7119.23       0.73888 
 7126.34      0.646298 
 7133.45      0.534193 
 7140.57       0.42083 
 7147.68      0.318069 
 7154.79      0.232624 
  7161.9      0.166393 
 7169.01      0.118373 
 7176.12     0.0841497 
 7183.24      0.059006 
 7190.35     0.0418603 
 7197.46     0.0300749 
 7204.57     0.0220068 
 7211.68     0.0162255 
 7218.79     0.0121778 
  7225.9    0.00966249 
 7233.02    0.00694351 
 7240.13    0.00541146 
 7247.24    0.00452659 
 7254.35    0.00255265 
 7261.46    0.00251498 
 7268.57    0.00199264 
 7275.69    0.00192907 
  7282.8    0.00180711 
 7289.91    0.00124296 
 7297.02   0.000940441 
 7304.13    0.00077161 
 7311.24   0.000459748 
 7318.35   6.84766e-05 
 7325.47   0.000334423 
 7332.58   0.000497288 
 7339.69   0.000749027 
  7346.8   0.000365499 
 7353.91  -9.60512e-05 
 7361.02   0.000674902 
 7368.13   0.000602786 
 7375.25   0.000402173 
 7382.36   0.000363449 
 7389.47  -0.000142239 
 7396.58  -0.000113177 
 7403.69   0.000303982 
  7410.8   0.000232301 
 7417.92   0.000242631 
 7425.03  -0.000229763 
 7432.14  -0.000412579 
 7439.25   0.000354259 
 7446.36   0.000898923 
 7453.47   0.000105939 
 7460.58   0.000684971 
  7467.7   0.000238501 
 7474.81    0.00045191 
 7481.92  -9.20692e-05 
 7489.03   0.000226303 
 7496.14   -8.7408e-05 
 7503.25  -0.000288359 
 7510.37   -0.00031371 
 7517.48   0.000331044 
 7524.59   0.000234854 
  7531.7   2.92077e-05 
 7538.81   0.000179199 
 7545.92   0.000579933 
 7553.03   2.15484e-05 
 7560.15  -0.000262602 
 7567.26   6.71921e-05 
 7574.37   0.000539319 
 7581.48   0.000124381 
 7588.59    0.00046265 
  7595.7   0.000352259 
 7602.81   0.000251852 
 7609.93   0.000304566 
 7617.04  -0.000343506 
 7624.15    0.00017513 
 7631.26  -0.000108207 
 7638.37  -0.000227264 
 7645.48   0.000122547 
  7652.6   0.000329842 
 7659.71   1.86944e-05 
 7666.82  -1.22242e-05 
 7673.93   4.65832e-05 
 7681.04   0.000196013 
 7688.15  -0.000178919 
 7695.26    6.1579e-05 
 7702.38   0.000339772 
 7709.49  -1.18268e-05 
  7716.6    0.00013129 
 7723.71  -0.000166079 
 7730.82  -6.30184e-05 
 7737.93   0.000154996 
 7745.05   0.000392345 
 7752.16   0.000195498 
 7759.27   0.000377606 
 7766.38   0.000345031 
 7773.49   0.000443199 
  7780.6   0.000639442 
 7787.71   0.000160305 
 7794.83    0.00030005 
 7801.94  -6.06474e-05 
 7809.05  -7.36548e-05 
 7816.16   2.33793e-05 
 7823.27  -2.45563e-05 
 7830.38   0.000101199 
 7837.49   -0.00012513 
 7844.61  -8.93001e-05 
 7851.72    0.00030491 
 7858.83   0.000611077 
 7865.94   0.000502155 
 7873.05  -0.000272443 
 7880.16   0.000121896 
 7887.28  -8.19396e-05 
 7894.39  -4.87949e-05 
  7901.5   0.000347613 
 7908.61   2.45059e-05 
 7915.72   0.000446763 
 7922.83  -8.86977e-05 
 7929.94  -0.000189315 
 7937.06   -9.4494e-05 
 7944.17   1.50251e-05 
 7951.28   0.000327626 
 7958.39    0.00024616 
  7965.5   -0.00022955 
 7972.61   0.000337726 
 7979.73   0.000340563 
 7986.84   0.000512072 
 7993.95    0.00045982 
 8001.06   0.000550005 
 8008.17   0.000257853 
 8015.28    4.0942e-06 
 8022.39   9.75796e-05 
 8029.51  -0.000156368 
 8036.62   0.000103577 
 8043.73   0.000292934 
 8050.84   6.16475e-05 
 8057.95  -0.000325451 
 8065.06  -0.000126808 
 8072.17   0.000139171 
 8079.29   2.54565e-05 
  8086.4  -3.28075e-05 
 8093.51   8.32529e-05 
 8100.62   0.000380602 
 8107.73   0.000325054 
 8114.84   7.66026e-05 
 8121.96   0.000259833 
 8129.07   5.66695e-05 
 8136.18   0.000248367 
 8143.29    0.00014969 
  8150.4  -2.89088e-05 
 8157.51   0.000325567 
 8164.62    0.00030152 
 8171.74   0.000306796 
 8178.85   4.81783e-06 
 8185.96   0.000389309 
 8193.07   0.000171133 
 8200.18    0.00012063 
 8207.29   0.000242924 
 8214.41   2.61992e-05 
 8221.52  -3.84251e-05 
 8228.63  -6.05908e-05 
 8235.74   0.000201671 
 8242.85   0.000371826 
 8249.96   0.000183114 
 8257.07   0.000226083 
 8264.19   0.000333467 
  8271.3   7.89383e-05 
 8278.41   6.56719e-05 
 8285.52   5.56472e-05 
 8292.63  -9.50403e-05 
 8299.74  -0.000113045 
 8306.85  -0.000221202 
 8313.97  -2.10084e-05 
 8321.08   0.000400994 
 8328.19   0.000410885 
  8335.3   0.000145435 
 8342.41   0.000174188 
 8349.52   0.000354734 
 8356.64   0.000241778 
 8363.75    0.00023613 
 8370.86     0.0002982 
 8377.97  -4.68216e-06 
 8385.08   1.40288e-05 
 8392.19    7.1469e-05 
  8399.3   8.60398e-05 
 8406.42   0.000312814 
 8413.53   0.000379463 
 8420.64   7.94947e-05 
 8427.75   0.000482641 
 8434.86   0.000235811 
 8441.97   2.55713e-05 
 8449.09  -0.000115814 
  8456.2    4.6008e-05 
 8463.31   0.000237054 
 8470.42   0.000109561 
 8477.53  -0.000163781 
 8484.64   0.000132834 
 8491.75   2.21348e-05 
 8498.87  -0.000204078 
 8505.98  -0.000143301 
 8513.09  -0.000246037 
  8520.2  -9.29111e-05 
 8527.31  -0.000150224 
 8534.42  -0.000158274 
 8541.53  -0.000165468 
 8548.65   -5.4669e-06 
 8555.76   9.61189e-05 
 8562.87  -0.000138394 
 8569.98  -0.000196251 
 8577.09  -0.000288984 
  8584.2  -0.000124236 
 8591.32  -0.000217499 
 8598.43   0.000264546 
 8605.54  -0.000384232 
 8612.65   0.000226317 
 8619.76   0.000265684 
 8626.87   7.57514e-05 
 8633.98   0.000341529 
  8641.1  -0.000186229 
 8648.21   0.000311751 
 8655.32   0.000195895 
 8662.43   0.000274903 
 8669.54   0.000175726 
 8676.65   2.65811e-05 
 8683.77  -0.000158231 
 8690.88  -0.000486359 
 8697.99  -3.36204e-06 
  8705.1  -8.73364e-07 
 8712.21  -6.31659e-05 
 8719.32    0.00033341 
 8726.43   0.000437311 
 8733.55   0.000416976 
 8740.66  -1.08876e-05 
 8747.77  -9.12439e-05 
 8754.88   0.000303715 
 8761.99   2.55362e-05 
  8769.1   -0.00016764 
 8776.21   0.000199503 
 8783.33    0.00025412 
 8790.44  -0.000156024 
 8797.55  -0.000226013 
 8804.66   5.06022e-05 
 8811.77  -3.13579e-05 
 8818.88  -0.000174551 
  8826.0  -7.51456e-05 
 8833.11   -5.4229e-05 
 8840.22  -7.60163e-05 
 8847.33   0.000599757 
 8854.44  -0.000129303 
 8861.55  -0.000250567 
 8868.66   0.000351252 
 8875.78   0.000131383 
 8882.89  -0.000283793 
  8890.0  -3.04806e-05 
 8897.11   2.35093e-05 
 8904.22   8.24368e-05 
 8911.33  -0.000233361 
 8918.45   0.000521735 
 8925.56   4.55412e-05 
 8932.67  -0.000150939 
 8939.78   0.000329376 
 8946.89   0.000490156 
  8954.0   0.000401869 
 8961.11  -0.000276393 
 8968.23   0.000152953 
 8975.34  -6.58469e-05 
 8982.45  -0.000123438 
 8989.56   5.07571e-05 
 8996.67   7.17865e-05 
 9003.78    0.00020505 
  9010.9   0.000141816 
 9018.01   0.000236019 
 9025.12   0.000252508 
 9032.23   0.000239895 
 9039.34   0.000141328 
 9046.45   0.000166567 
 9053.56   0.000143532 
 9060.68  -0.000149916 
 9067.79    0.00023121 
  9074.9   0.000183644 
 9082.01  -0.000303308 
 9089.12  -0.000139956 
 9096.23  -0.000164335 
 9103.34  -6.90814e-05 
 9110.46   0.000246048 
 9117.57   0.000595715 
 9124.68  -3.51775e-06 
 9131.79  -0.000715556 
  9138.9  -0.000119607 
 9146.01  -0.000211998 
 9153.13   0.000282266 
 9160.24   0.000372113 
 9167.35  -9.75414e-05 
 9174.46   0.000192754 
 9181.57   0.000189658 
 9188.68   0.000165226 
 9195.79   0.000152165 
 9202.91   0.000206167 
 9210.02   0.000181537 
 9217.13  -0.000393904 
 9224.24  -0.000324059 
 9231.35  -8.36592e-05 
 9238.46  -0.000117478 
 9245.58   0.000377298 
 9252.69   0.000225651 
  9259.8   5.62424e-05 
 9266.91   0.000235728 
 9274.02   0.000363181 
 9281.13   0.000848465 
 9288.24   0.000475967 
 9295.36   0.000641129 
 9302.47   0.000837063 
 9309.58   0.000244828 
 9316.69   0.000233921 
  9323.8  -0.000224327 
 9330.91   -0.00023593 
 9338.02    5.5508e-05 
 9345.14   5.39068e-06 
 9352.25    4.7348e-05 
 9359.36   0.000462901 
 9366.47   0.000320784 
 9373.58  -0.000160241 
 9380.69   0.000189215 
 9387.81  -0.000252199 
 9394.92  -0.000258245 
 9402.03   0.000352712 
 9409.14   0.000586479 
 9416.25  -0.000250885 
 9423.36   0.000700711 
 9430.47   0.000631672 
 9437.59   0.000438063 
  9444.7   0.000308123 
 9451.81  -0.000369729 
 9458.92   7.03604e-05 
 9466.03  -0.000216633 
 9473.14   7.54213e-05 
 9480.26  -2.99693e-05 
 9487.37   0.000546749 
 9494.48   0.000275362 
 9501.59   0.000174292 
  9508.7  -0.000315526 
 9515.81   0.000245502 
 9522.92   0.000227258 
 9530.04  -6.01104e-05 
 9537.15    0.00104377 
 9544.26   0.000852935 
 9551.37   0.000192415 
 9558.48   0.000212904 
 9565.59   0.000292342 
  9572.7   0.000248403 
 9579.82   0.000237997 
 9586.93   0.000407361 
 9594.04  -0.000464314 
 9601.15  -3.83671e-05 
 9608.26    0.00137261 
 9615.37   0.000717951 
 9622.49  -8.76204e-05 
  9629.6   -0.00021366 
 9636.71   0.000134394 
 9643.82   0.000236297 
 9650.93  -0.000157968 
 9658.04   7.56736e-05 
 9665.15   0.000101512 
 9672.27   0.000531511 
 9679.38     0.0006295 
 9686.49    0.00128969 
  9693.6     0.0011025 
 9700.71   0.000811514 
 9707.82    0.00043652 
 9714.94  -0.000245077 
 9722.05  -0.000227859 
 9729.16   -0.00031562 
 9736.27   0.000110338 
 9743.38  -2.65099e-05 
 9750.49   0.000496161 
  9757.6    0.00044211 
 9764.72    0.00086584 
 9771.83    0.00100291 
 9778.94    0.00146797 
 9786.05   0.000407653 
 9793.16  -0.000486638 
 9800.27  -0.000383307 
 9807.38   -0.00104175 
  9814.5    0.00016141 
 9821.61    0.00028637 
 9828.72  -0.000636747 
 9835.83   0.000855618 
 9842.94    0.00186694 
 9850.05   0.000332516 
 9857.17  -0.000372064 
 9864.28   0.000229289 
 9871.39   0.000192573 
  9878.5   0.000344115 
 9885.61  -1.32251e-05 
 9892.72    0.00139669 
 9899.83    0.00105555 
 9906.95   0.000993261 
 9914.06   -0.00106469 
 9921.17   -0.00141526 
 9928.28    0.00115024 
 9935.39    0.00014053 
  9942.5   3.96655e-05 
 9949.62  -0.000367192 
 9956.73   0.000709373 
 9963.84   0.000415367 
 9970.95  -0.000630766 
 9978.06  -0.000382531 
 9985.17  -0.000793957 
 9992.28  -0.000855833 
  9999.4  -0.000342988 
 10006.5    0.00101367 
 10013.6   0.000170053 
 10020.7   0.000889197 
 10027.8   7.76186e-05 
 10035.0   -0.00185331 
 10042.1  -0.000203116 
 10049.2   0.000967485 
 10056.3    0.00119811 
 10063.4    0.00061804 
 10070.5    0.00052469 
 10077.6    0.00219395 
 10084.7    0.00264898 
 10091.8    0.00249675 
 10099.0   0.000586699 
 10106.1   0.000843658 
 10113.2   0.000190097 
 10120.3   -0.00149003 
 10127.4    0.00600264 
 10134.5    0.00269087 
 10141.6    0.00136505 
 10148.7    0.00300984 
 10155.8    0.00108264 
 10163.0    0.00115638 
 10170.1    0.00173798 
 10177.2    0.00259249 
 10184.3    0.00408674 
 10191.4    0.00200558 
 10198.5    0.00104366 
 10205.6   -0.00207764 
 10212.7   0.000615219 
 10219.9  -0.000402531 
 10227.0   -0.00263785 
 10234.1   0.000306376 
 10241.2  -0.000276109 
 10248.3   0.000472728 
 10255.4    -0.0012706 
 10262.5   -0.00102957 
 10269.6   -0.00346709 
 10276.7  -0.000881462 
 10283.9    0.00220038 
 10291.0   -0.00308767 
 10298.1     0.0011818 
 10305.2   0.000798074 
 10312.3    0.00152535 
 10319.4     0.0102194 
 10326.5    0.00750361 
 10333.6    0.00337911 
 10340.7    0.00122111 
 10347.9    0.00297937 
 10355.0  -0.000891977 
 10362.1    0.00299817 
 10369.2    0.00641238 
 10376.3  -0.000526901 
 10383.4    0.00176151 
 10390.5   -0.00319975 
 10397.6   0.000988549 
 10404.8    0.00702709 
 10411.9    0.00292334 
 10419.0    0.00551663 
 10426.1     0.0122122 
 10433.2   -0.00247352 
 10440.3   -0.00747789 
 10447.4     0.0103807 
 10454.5   0.000867177 
 10461.6    -0.0101715 
 10468.8  -0.000948354 
 10475.9    0.00910226 
 10483.0    0.00175145 
 10490.1    -0.0015156 
 10497.2    0.00835557 
 10504.3    0.00222302 
 10511.4   -0.00130739 
 10518.5    0.00488072 
 10525.6  -0.000856014 
 10532.8   -0.00365877 
 10539.9    0.00406278 
 10547.0      -0.00657 
 10554.1    0.00044756 
 10561.2    0.00577985 
 10568.3    0.00318468 
 10575.4    -0.0120918 
 10582.5    0.00473454 
 10589.7    0.00186984 
 10596.8     -0.001269 
 10603.9     0.0127911 
 10611.0    0.00646341 
 10618.1   0.000441475 
 10625.2   -0.00113302 
 10632.3     0.0106065 
 10639.4     0.0151278 
 10646.5   -0.00185641 
 10653.7    0.00108942 
 10660.8   -0.00103387 
 10667.9    -0.0105358 
 10675.0    0.00516854 
 10682.1    -0.0017044 
 10689.2    -0.0154325 
 10696.3    -0.0036685 
 10703.4    0.00450278 
 10710.5     0.0176593 
 10717.7     0.0154609 
 10724.8    0.00114287 
 10731.9     0.0112508 
 10739.0     0.0143427 
 10746.1    0.00866679 
 10753.2   -0.00668004 
 10760.3     0.0170024 
 10767.4      0.013075 
 10774.6    0.00492174 
 10781.7    0.00930516 
 10788.8     0.0341048 
 10795.9     0.0100212 
 10803.0     0.0401251 
 10810.1     0.0322241 
 10817.2    -0.0508356 
 10824.3    -0.0220269 
 10831.4    0.00302409 
 10838.6    0.00320143 
 10845.7    0.00240117 
 10852.8    0.00735163 
 10859.9    -0.0110842 
 10867.0    -0.0185517 
 10874.1    -0.0306142 
 10881.2    -0.0160799 
 10888.3   -0.00331343 
 10895.4   -0.00254899 
 10902.6   0.000739238 
 10909.7   -0.00637651 
 10916.8    -0.0122959 
 10923.9   -0.00978386 
 10931.0     0.0352118 
 10938.1     0.0406217 
 10945.2      0.020714 
 10952.3    0.00915598 
 10959.5     0.0120406 
 10966.6    0.00147793 
 10973.7     0.0160877 
 10980.8  -3.74963e-05 
 10987.9    0.00784582 
 10995.0    -0.0073739 
