  5000.0   -0.00283129 
 5007.11    0.00132386 
 5014.22   0.000281622 
 5021.33      0.009628 
 5028.45    0.00335406 
 5035.56    0.00567346 
 5042.67    -0.0020458 
 5049.78  -0.000878299 
 5056.89  -0.000448468 
  5064.0  -0.000177378 
 5071.12    0.00117991 
 5078.23    0.00858645 
 5085.34   7.26448e-05 
 5092.45    -0.0032184 
 5099.56    0.00812035 
 5106.67    0.00221617 
 5113.78  -0.000186279 
  5120.9  -0.000366208 
 5128.01   -0.00175332 
 5135.12   -0.00294571 
 5142.23   -0.00270347 
 5149.34    0.00291003 
 5156.45    0.00319066 
 5163.56   0.000761564 
 5170.68   0.000150751 
 5177.79   -0.00134463 
  5184.9     0.0056228 
 5192.01    0.00357834 
 5199.12   0.000872852 
 5206.23   0.000258371 
 5213.35   0.000571449 
 5220.46  -0.000860437 
 5227.57   -0.00266007 
 5234.68  -0.000866352 
 5241.79  -3.90097e-05 
  5248.9    0.00299785 
 5256.01  -0.000899587 
 5263.13   -0.00193184 
 5270.24   0.000756491 
 5277.35    0.00326481 
 5284.46    0.00646821 
 5291.57    0.00101575 
 5298.68    0.00396414 
  5305.8    0.00544452 
 5312.91    -0.0021022 
 5320.02   -0.00451037 
 5327.13   -0.00174341 
 5334.24   -0.00286784 
 5341.35    0.00325489 
 5348.46   -0.00110653 
 5355.58    -0.0024555 
 5362.69  -0.000359422 
  5369.8   0.000512752 
 5376.91   -0.00140332 
 5384.02   0.000243544 
 5391.13    0.00466875 
 5398.24   0.000303068 
 5405.36     0.0014845 
 5412.47    0.00245687 
 5419.58  -0.000785829 
 5426.69    0.00242992 
  5433.8    0.00306712 
 5440.91   0.000409513 
 5448.03    0.00125682 
 5455.14   -0.00176796 
 5462.25  -0.000903209 
 5469.36   -0.00114284 
 5476.47    0.00106027 
 5483.58    0.00137234 
 5490.69   0.000404434 
 5497.81     0.0020694 
 5504.92    0.00155589 
 5512.03    0.00114634 
 5519.14    0.00157833 
 5526.25    0.00126394 
 5533.36   -0.00151446 
 5540.48  -8.74332e-05 
 5547.59   0.000888425 
  5554.7  -0.000849957 
 5561.81   0.000180239 
 5568.92   0.000618214 
 5576.03   -0.00390939 
 5583.14  -0.000357473 
 5590.26    0.00106815 
 5597.37   -0.00198258 
 5604.48   -0.00160796 
 5611.59    0.00221163 
  5618.7    0.00396061 
 5625.81    0.00603245 
 5632.92    0.00717529 
 5640.04    0.00873345 
 5647.15      0.010193 
 5654.26     0.0162642 
 5661.37     0.0222291 
 5668.48     0.0273062 
 5675.59     0.0328428 
 5682.71     0.0448212 
 5689.82     0.0519109 
 5696.93     0.0648903 
 5704.04     0.0816188 
 5711.15     0.0965427 
 5718.26      0.122431 
 5725.37      0.142569 
 5732.49      0.164035 
  5739.6      0.184537 
 5746.71      0.208221 
 5753.82      0.219226 
 5760.93      0.232533 
 5768.04      0.250787 
 5775.16      0.272387 
 5782.27      0.298552 
 5789.38      0.325546 
 5796.49      0.357534 
  5803.6      0.390065 
 5810.71      0.420318 
 5817.82      0.451304 
 5824.94       0.49577 
 5832.05      0.524658 
 5839.16      0.542386 
 5846.27      0.564132 
 5853.38      0.589343 
 5860.49      0.604654 
  5867.6      0.617382 
 5874.72      0.622198 
 5881.83      0.623675 
 5888.94      0.618263 
 5896.05      0.614969 
 5903.16      0.629955 
 5910.27       0.64111 
 5917.39       0.65915 
  5924.5      0.674199 
 5931.61      0.684129 
 5938.72      0.702522 
 5945.83      0.719629 
 5952.94      0.738828 
 5960.05       0.75339 
 5967.17      0.764518 
 5974.28      0.787953 
 5981.39      0.792349 
  5988.5      0.807834 
 5995.61      0.824501 
 6002.72      0.833213 
 6009.84      0.840055 
 6016.95      0.835527 
 6024.06      0.808051 
 6031.17      0.800171 
 6038.28      0.807651 
 6045.39      0.804745 
  6052.5      0.802343 
 6059.62       0.81465 
 6066.73      0.818436 
 6073.84       0.83144 
 6080.95      0.851187 
 6088.06       0.84428 
 6095.17      0.849725 
 6102.28      0.859668 
  6109.4      0.866005 
 6116.51       0.87521 
 6123.62      0.880129 
 6130.73      0.880502 
 6137.84      0.891156 
 6144.95      0.907951 
 6152.07      0.903772 
 6159.18      0.901477 
 6166.29      0.889728 
  6173.4      0.877521 
 6180.51      0.874908 
 6187.62      0.867876 
 6194.73      0.857241 
 6201.85      0.863859 
 6208.96      0.865655 
 6216.07      0.877843 
 6223.18      0.893697 
 6230.29      0.911551 
  6237.4      0.911221 
 6244.52      0.925354 
 6251.63      0.922914 
 6258.74      0.924623 
 6265.85      0.923792 
 6272.96        0.9198 
 6280.07      0.925731 
 6287.18      0.923755 
  6294.3      0.924918 
 6301.41      0.924235 
 6308.52      0.917148 
 6315.63      0.903771 
 6322.74      0.893157 
 6329.85      0.892494 
 6336.97      0.878445 
 6344.08       0.87662 
 6351.19      0.881966 
  6358.3      0.879388 
 6365.41      0.884703 
 6372.52      0.894474 
 6379.63      0.913206 
 6386.75      0.926593 
 6393.86      0.927173 
 6400.97       0.93489 
 6408.08      0.927638 
 6415.19      0.923808 
  6422.3      0.922708 
 6429.41      0.911899 
 6436.53      0.906652 
 6443.64       0.91113 
 6450.75      0.915049 
 6457.86      0.918122 
 6464.97      0.926035 
 6472.08      0.939837 
  6479.2      0.935712 
 6486.31      0.932272 
 6493.42      0.934543 
 6500.53      0.928857 
 6507.64      0.927937 
 6514.75      0.926835 
 6521.86      0.925929 
 6528.98      0.925795 
 6536.09      0.920328 
  6543.2      0.924687 
 6550.31      0.928003 
 6557.42      0.935164 
 6564.53      0.935165 
 6571.65      0.929102 
 6578.76      0.927095 
 6585.87      0.920838 
 6592.98      0.912303 
 6600.09      0.912135 
  6607.2      0.903634 
 6614.31      0.900427 
 6621.43      0.905054 
 6628.54      0.912532 
 6635.65      0.921473 
 6642.76      0.922712 
 6649.87      0.931195 
 6656.98       0.92901 
 6664.09      0.932593 
 6671.21      0.931722 
 6678.32       0.91943 
 6685.43      0.915494 
 6692.54      0.915513 
 6699.65      0.920014 
 6706.76      0.911489 
 6713.88       0.90499 
 6720.99      0.913943 
  6728.1      0.915262 
 6735.21       0.92441 
 6742.32      0.924737 
 6749.43      0.931681 
 6756.54      0.941298 
 6763.66      0.934916 
 6770.77      0.929143 
 6777.88      0.923617 
 6784.99      0.920038 
  6792.1      0.913276 
 6799.21         0.916 
 6806.33      0.919535 
 6813.44      0.919432 
 6820.55      0.922169 
 6827.66      0.931923 
 6834.77      0.936577 
 6841.88      0.939706 
 6848.99      0.943426 
 6856.11      0.940935 
 6863.22      0.946083 
 6870.33      0.952952 
 6877.44       0.95051 
 6884.55      0.947959 
 6891.66      0.946177 
 6898.77      0.949919 
 6905.89      0.953808 
  6913.0      0.953947 
 6920.11      0.946251 
 6927.22      0.948763 
 6934.33      0.946185 
 6941.44      0.936283 
 6948.56      0.928716 
 6955.67      0.929317 
 6962.78      0.922464 
 6969.89      0.903779 
  6977.0      0.895441 
 6984.11      0.896764 
 6991.22      0.895283 
 6998.34       0.88467 
 7005.45       0.87703 
 7012.56      0.878387 
 7019.67      0.881554 
 7026.78      0.880808 
 7033.89      0.871392 
 7041.01      0.868802 
 7048.12      0.860722 
 7055.23      0.861044 
 7062.34      0.856698 
 7069.45       0.84608 
 7076.56      0.831685 
 7083.67       0.83481 
 7090.79      0.846473 
  7097.9      0.852237 
 7105.01      0.853722 
 7112.12      0.863713 
 7119.23      0.875452 
 7126.34      0.882416 
 7133.45       0.84879 
 7140.57      0.780675 
 7147.68      0.687807 
 7154.79      0.569534 
  7161.9      0.448218 
 7169.01      0.329033 
 7176.12      0.231864 
 7183.24      0.158998 
 7190.35      0.110443 
 7197.46     0.0765849 
 7204.57      0.052429 
 7211.68       0.03596 
 7218.79     0.0259038 
  7225.9     0.0189545 
 7233.02     0.0146806 
 7240.13     0.0115909 
 7247.24    0.00886775 
 7254.35    0.00771089 
 7261.46    0.00668166 
 7268.57    0.00560827 
 7275.69    0.00463507 
  7282.8    0.00322352 
 7289.91    0.00224344 
 7297.02    0.00230685 
 7304.13    0.00192148 
 7311.24    0.00140377 
 7318.35   0.000979026 
 7325.47   0.000641702 
 7332.58    0.00116825 
 7339.69   0.000984715 
  7346.8   9.59297e-05 
 7353.91   0.000688859 
 7361.02    0.00063274 
 7368.13   0.000381417 
 7375.25    0.00105073 
 7382.36   0.000955226 
 7389.47   0.000534184 
 7396.58  -4.14397e-05 
 7403.69  -0.000205557 
  7410.8   0.000508903 
 7417.92   0.000481107 
 7425.03   0.000228581 
 7432.14   0.000332106 
 7439.25    0.00049199 
 7446.36   0.000616811 
 7453.47   0.000341191 
 7460.58   0.000177912 
  7467.7  -0.000134227 
 7474.81   9.20311e-05 
 7481.92   0.000372477 
 7489.03   5.84515e-05 
 7496.14  -0.000126836 
 7503.25   8.94992e-05 
 7510.37   0.000281082 
 7517.48  -0.000426819 
 7524.59  -0.000338032 
  7531.7  -0.000143712 
 7538.81  -0.000290166 
 7545.92   0.000135559 
 7553.03   0.000115318 
 7560.15   0.000117747 
 7567.26  -3.73436e-05 
 7574.37  -0.000332246 
 7581.48   7.33492e-05 
 7588.59    0.00036527 
  7595.7  -0.000229109 
 7602.81  -0.000470215 
 7609.93   1.84708e-05 
 7617.04   0.000153992 
 7624.15  -0.000349256 
 7631.26   6.32961e-05 
 7638.37   0.000279332 
 7645.48   2.44944e-05 
  7652.6   0.000142888 
 7659.71  -9.23616e-05 
 7666.82  -7.43282e-06 
 7673.93   -0.00027313 
 7681.04   1.43944e-05 
 7688.15   0.000202519 
 7695.26   -8.5033e-05 
 7702.38  -0.000116913 
 7709.49   -0.00030966 
  7716.6   6.10691e-05 
 7723.71   0.000385491 
 7730.82  -0.000116394 
 7737.93  -0.000507004 
 7745.05  -3.68669e-05 
 7752.16   0.000341318 
 7759.27    0.00016639 
 7766.38   0.000173583 
 7773.49   0.000281953 
  7780.6  -4.13794e-05 
 7787.71  -0.000151026 
 7794.83   0.000219904 
 7801.94   0.000264141 
 7809.05  -0.000131266 
 7816.16  -0.000222028 
 7823.27   9.82602e-06 
 7830.38   0.000227091 
 7837.49   0.000128907 
 7844.61   0.000440959 
 7851.72   0.000213644 
 7858.83  -7.52517e-05 
 7865.94    0.00012616 
 7873.05  -0.000133133 
 7880.16   6.32643e-05 
 7887.28   0.000441986 
 7894.39   7.72776e-05 
  7901.5  -0.000234846 
 7908.61   8.96426e-05 
 7915.72   0.000536064 
 7922.83   0.000509765 
 7929.94   0.000322924 
 7937.06   0.000330833 
 7944.17   0.000161459 
 7951.28  -0.000107619 
 7958.39  -0.000154487 
  7965.5  -9.27109e-05 
 7972.61   6.85951e-05 
 7979.73   0.000204799 
 7986.84   0.000468466 
 7993.95   0.000191807 
 8001.06  -6.14039e-05 
 8008.17   0.000327425 
 8015.28   0.000102566 
 8022.39  -5.92119e-05 
 8029.51  -0.000327797 
 8036.62   -0.00016857 
 8043.73   5.65478e-06 
 8050.84   -0.00028197 
 8057.95   0.000125575 
 8065.06    0.00022305 
 8072.17  -0.000139736 
 8079.29   0.000149177 
  8086.4    0.00023928 
 8093.51   0.000163119 
 8100.62  -3.25405e-05 
 8107.73    0.00013444 
 8114.84   0.000126607 
 8121.96    0.00015742 
 8129.07   0.000155034 
 8136.18  -3.61236e-05 
 8143.29  -3.70731e-05 
  8150.4   0.000210043 
 8157.51   0.000188007 
 8164.62   5.03649e-05 
 8171.74  -4.06708e-05 
 8178.85  -0.000305987 
 8185.96  -5.60556e-05 
 8193.07    0.00020967 
 8200.18  -8.81854e-05 
 8207.29    9.8127e-05 
 8214.41   0.000439402 
 8221.52   0.000481199 
 8228.63   0.000233388 
 8235.74   9.76329e-05 
 8242.85   0.000160218 
 8249.96   7.40589e-05 
 8257.07  -9.76419e-05 
 8264.19   0.000210618 
  8271.3   9.17925e-05 
 8278.41     0.0003549 
 8285.52   8.77666e-05 
 8292.63  -0.000186923 
 8299.74    8.4528e-05 
 8306.85   0.000203797 
 8313.97   7.83211e-05 
 8321.08  -8.10757e-05 
 8328.19  -4.43318e-06 
  8335.3   0.000132352 
 8342.41  -3.52373e-05 
 8349.52  -8.59536e-05 
 8356.64   0.000149068 
 8363.75  -3.50052e-05 
 8370.86   4.17023e-05 
 8377.97  -0.000153298 
 8385.08  -0.000368101 
 8392.19  -0.000493084 
  8399.3   0.000107199 
 8406.42   0.000259734 
 8413.53   0.000265576 
 8420.64   0.000374435 
 8427.75   0.000281545 
 8434.86  -0.000191274 
 8441.97  -7.70871e-06 
 8449.09  -0.000175889 
  8456.2  -6.89657e-06 
 8463.31   5.19888e-05 
 8470.42   0.000200593 
 8477.53  -0.000295976 
 8484.64   3.42367e-05 
 8491.75   9.16687e-05 
 8498.87   7.80456e-05 
 8505.98   0.000132764 
 8513.09   4.46549e-05 
  8520.2   1.33285e-05 
 8527.31    -0.0001653 
 8534.42  -0.000210825 
 8541.53   0.000118139 
 8548.65   0.000301585 
 8555.76    3.8869e-05 
 8562.87   -0.00020994 
 8569.98  -0.000145366 
 8577.09   -0.00018433 
  8584.2   1.87888e-05 
 8591.32   0.000360698 
 8598.43   0.000285784 
 8605.54   6.83516e-05 
 8612.65   0.000162006 
 8619.76   0.000190562 
 8626.87   -5.2001e-05 
 8633.98   1.58625e-05 
  8641.1   1.10414e-05 
 8648.21   0.000221813 
 8655.32     0.0002351 
 8662.43  -4.78218e-05 
 8669.54   0.000148509 
 8676.65   0.000467593 
 8683.77   0.000368407 
 8690.88  -0.000284931 
 8697.99  -0.000362763 
  8705.1    0.00018762 
 8712.21   0.000240823 
 8719.32   6.31277e-05 
 8726.43   0.000110563 
 8733.55   9.30362e-05 
 8740.66    7.8366e-05 
 8747.77  -2.55294e-05 
 8754.88   8.68017e-05 
 8761.99    8.9656e-05 
  8769.1   -0.00016039 
 8776.21  -5.64545e-05 
 8783.33  -0.000545376 
 8790.44  -0.000190581 
 8797.55    0.00036019 
 8804.66   0.000374786 
 8811.77    0.00013054 
 8818.88   0.000151934 
  8826.0  -0.000123835 
 8833.11  -9.87757e-05 
 8840.22   5.37428e-05 
 8847.33  -0.000154384 
 8854.44  -5.00609e-05 
 8861.55     0.0001755 
 8868.66   0.000350308 
 8875.78  -5.96646e-06 
 8882.89    7.2229e-05 
  8890.0  -0.000399782 
 8897.11  -0.000325547 
 8904.22   0.000206764 
 8911.33    0.00010889 
 8918.45   0.000217499 
 8925.56   0.000101335 
 8932.67  -8.49978e-05 
 8939.78   -0.00026069 
 8946.89   7.48072e-05 
  8954.0   3.13602e-05 
 8961.11  -0.000217664 
 8968.23   6.04807e-05 
 8975.34  -9.09962e-06 
 8982.45   3.22651e-05 
 8989.56   0.000428009 
 8996.67   0.000575001 
 9003.78   2.80483e-05 
  9010.9  -0.000111751 
 9018.01   0.000434709 
 9025.12   0.000371866 
 9032.23   0.000146207 
 9039.34   0.000149885 
 9046.45   0.000278968 
 9053.56   0.000213997 
 9060.68   0.000142194 
 9067.79   0.000156324 
  9074.9  -9.99896e-05 
 9082.01  -2.46818e-05 
 9089.12   1.86227e-05 
 9096.23   5.86245e-05 
 9103.34  -7.09499e-05 
 9110.46   0.000233019 
 9117.57   0.000368246 
 9124.68  -0.000142809 
 9131.79   0.000377278 
  9138.9   0.000185045 
 9146.01    0.00029905 
 9153.13   0.000295793 
 9160.24   0.000547571 
 9167.35   0.000364068 
 9174.46   0.000444278 
 9181.57   0.000181859 
 9188.68     0.0002472 
 9195.79   0.000434817 
 9202.91   0.000161961 
 9210.02  -0.000205077 
 9217.13    0.00018255 
 9224.24   0.000684861 
 9231.35   0.000286306 
 9238.46   2.32405e-07 
 9245.58   0.000291273 
 9252.69  -8.77828e-05 
  9259.8   0.000673189 
 9266.91   0.000741446 
 9274.02   0.000336587 
 9281.13   0.000421739 
 9288.24   0.000511077 
 9295.36  -0.000118334 
 9302.47  -3.48025e-05 
 9309.58    0.00051886 
 9316.69   0.000757712 
  9323.8   0.000372535 
 9330.91   -0.00032714 
 9338.02  -0.000243214 
 9345.14   9.31053e-05 
 9352.25   7.95535e-05 
 9359.36   0.000341732 
 9366.47   0.000563634 
 9373.58  -0.000108048 
 9380.69  -0.000592246 
 9387.81  -0.000210808 
 9394.92    0.00010558 
 9402.03    0.00045217 
 9409.14   3.44859e-07 
 9416.25  -0.000475634 
 9423.36   2.36273e-05 
 9430.47  -0.000100254 
 9437.59   0.000183497 
  9444.7   0.000204492 
 9451.81   0.000488202 
 9458.92   0.000143518 
 9466.03   6.83221e-06 
 9473.14  -0.000654222 
 9480.26  -0.000674472 
 9487.37  -0.000222166 
 9494.48   0.000792895 
 9501.59  -0.000372157 
  9508.7  -0.000138832 
 9515.81  -0.000366119 
 9522.92    7.2294e-06 
 9530.04   -0.00059413 
 9537.15  -7.57652e-05 
 9544.26   0.000254987 
 9551.37    0.00015298 
 9558.48   0.000302884 
 9565.59   -0.00035554 
  9572.7  -7.73833e-05 
 9579.82   0.000356044 
 9586.93   0.000554211 
 9594.04   0.000364284 
 9601.15  -0.000142904 
 9608.26   0.000758326 
 9615.37   6.88808e-05 
 9622.49   0.000111965 
  9629.6   0.000377635 
 9636.71  -7.31313e-05 
 9643.82  -0.000691053 
 9650.93   0.000424106 
 9658.04   0.000883772 
 9665.15   0.000251074 
 9672.27   0.000271027 
 9679.38   3.45713e-05 
 9686.49  -0.000673731 
  9693.6  -0.000126687 
 9700.71  -3.86963e-05 
 9707.82   0.000419126 
 9714.94   0.000938146 
 9722.05   0.000366052 
 9729.16    0.00070489 
 9736.27   0.000624913 
 9743.38   0.000174974 
 9750.49   0.000880054 
  9757.6   0.000834032 
 9764.72   0.000286745 
 9771.83   0.000213592 
 9778.94    0.00041807 
 9786.05   0.000769736 
 9793.16  -0.000385501 
 9800.27   0.000697245 
 9807.38  -0.000737612 
  9814.5   5.85289e-06 
 9821.61   0.000218352 
 9828.72  -0.000114931 
 9835.83   0.000493807 
 9842.94   0.000835762 
 9850.05   0.000416177 
 9857.17   0.000630574 
 9864.28   0.000151393 
 9871.39  -0.000679015 
  9878.5   -5.6748e-05 
 9885.61    0.00103062 
 9892.72    0.00128887 
 9899.83     0.0012704 
 9906.95    0.00145381 
 9914.06  -0.000217606 
 9921.17   -0.00108695 
 9928.28  -0.000180485 
 9935.39   1.59535e-05 
  9942.5  -0.000320826 
 9949.62    4.7807e-05 
 9956.73   0.000397628 
 9963.84    0.00212355 
 9970.95    0.00145095 
 9978.06     0.0009952 
 9985.17    0.00136219 
 9992.28   -0.00141913 
  9999.4   -0.00210651 
 10006.5   0.000585157 
 10013.6   0.000105716 
 10020.7  -0.000223509 
 10027.8   0.000386388 
 10035.0   0.000384003 
 10042.1   -0.00113192 
 10049.2  -0.000328917 
 10056.3   -0.00027734 
 10063.4   0.000912414 
 10070.5  -0.000119221 
 10077.6    -0.0017509 
 10084.7    0.00166359 
 10091.8    0.00191025 
 10099.0   0.000523078 
 10106.1   0.000175477 
 10113.2  -0.000104408 
 10120.3  -0.000930512 
 10127.4   0.000242824 
 10134.5    0.00118954 
 10141.6    0.00162877 
 10148.7   -0.00148195 
 10155.8   0.000716928 
 10163.0    0.00356742 
 10170.1    0.00230624 
 10177.2   -0.00124199 
 10184.3     0.0010653 
 10191.4    0.00148938 
 10198.5  -0.000958342 
 10205.6  -5.10482e-05 
 10212.7   -0.00138836 
 10219.9    0.00245344 
 10227.0    0.00234075 
 10234.1   -0.00440083 
 10241.2  -0.000972373 
 10248.3    0.00183499 
 10255.4  -0.000216087 
 10262.5  -0.000796916 
 10269.6  -0.000194616 
 10276.7  -0.000129648 
 10283.9    0.00240467 
 10291.0    0.00152142 
 10298.1  -2.14975e-05 
 10305.2   -7.9595e-05 
 10312.3    0.00147738 
 10319.4     0.0010847 
 10326.5   -0.00205344 
 10333.6   -0.00345877 
 10340.7   -0.00436519 
 10347.9   0.000907892 
 10355.0    -0.0018496 
 10362.1   -0.00297231 
 10369.2   -0.00078567 
 10376.3    0.00566092 
 10383.4  -0.000766348 
 10390.5    0.00213546 
 10397.6    -0.0039192 
 10404.8   -0.00925909 
 10411.9    -0.0103158 
 10419.0   -0.00169182 
 10426.1    0.00525654 
 10433.2  -0.000339878 
 10440.3    0.00846004 
 10447.4   -0.00325412 
 10454.5    -0.0111043 
 10461.6    0.00690273 
 10468.8    0.00383061 
 10475.9   -0.00727862 
 10483.0   -0.00181829 
 10490.1   -0.00107824 
 10497.2   -0.00737514 
 10504.3   0.000452314 
 10511.4   -0.00390638 
 10518.5     0.0055578 
 10525.6  -0.000880852 
 10532.8   -0.00302432 
 10539.9     0.0100595 
 10547.0     0.0150425 
 10554.1   -0.00150267 
 10561.2   -0.00101829 
 10568.3     0.0140668 
 10575.4    0.00251026 
 10582.5    0.00468251 
 10589.7   -0.00585179 
 10596.8    -0.0106903 
 10603.9   -0.00337867 
 10611.0    -0.0125079 
 10618.1    0.00343837 
 10625.2   0.000968342 
 10632.3    -0.0130396 
 10639.4    0.00857707 
 10646.5    -0.0012216 
 10653.7    0.00753017 
 10660.8     0.0109465 
 10667.9   -0.00424045 
 10675.0     0.0142166 
 10682.1    0.00790702 
 10689.2    0.00946069 
 10696.3   -0.00444127 
 10703.4    0.00765989 
 10710.5     0.0175507 
 10717.7    -0.0229029 
 10724.8    0.00806819 
 10731.9     0.0197713 
 10739.0    -0.0122517 
 10746.1    -0.0202159 
 10753.2   -0.00717105 
 10760.3    0.00365881 
 10767.4     0.0195566 
 10774.6     0.0207761 
 10781.7     0.0158321 
 10788.8      0.012412 
 10795.9     -0.015248 
 10803.0   -0.00426473 
 10810.1     0.0356738 
 10817.2    0.00644657 
 10824.3    0.00279644 
 10831.4     0.0250065 
 10838.6     -0.003406 
 10845.7    -0.0295556 
 10852.8    -0.0180515 
 10859.9    0.00239827 
 10867.0     0.0174419 
 10874.1     0.0459611 
 10881.2     0.0215571 
 10888.3   -0.00510474 
 10895.4  -0.000311804 
 10902.6      0.023969 
 10909.7      0.019233 
 10916.8     0.0175325 
 10923.9     0.0148215 
 10931.0   -0.00152813 
 10938.1   -0.00564913 
 10945.2     -0.012338 
 10952.3     0.0245854 
 10959.5     0.0291784 
 10966.6     0.0114867 
 10973.7   -0.00215315 
 10980.8     0.0117525 
 10987.9     0.0155341 
 10995.0     0.0221989 
